732	727
732	733
732	731
732	1191
6772	2534
6772	1457
6772	5970
6772	2100
6772	6047
6772	9759
6772	7297
6772	6777
6772	7415
6772	71
6772	7189
6772	5879
6772	3312
6772	9021
6772	3561
6772	8737
6772	4609
6772	5702
6772	207
6772	6613
6772	8772
6772	6789
6772	4792
6772	6774
6772	5698
6772	3932
6772	3836
6772	1385
6772	10537
6772	2017
6772	5610
6772	3725
6772	3326
6772	5371
6772	100290337
6772	3320
6772	3559
6772	6667
6772	6714
6772	1956
6772	5581
6772	1432
6772	2033
6772	7514
6772	3106
6772	5580
6772	3717
6772	5777
6772	6776
6772	23586
6772	7132
6772	4261
6772	55072
6772	6772
6772	3716
6772	3654
6772	4914
6772	999
6772	821
1191	7124
1191	2885
1191	2100
1191	144100
1191	51061
1191	7917
1191	7428
1191	351
1191	4792
1191	335
1191	3981
1191	4171
1191	1915
1191	26270
1191	4790
1191	2908
1191	1147
1191	7175
1191	2923
1191	1956
1191	7514
1191	821
1191	7048
1191	3500
1191	730
1191	1191
1191	735
1191	55741
3586	386681
3586	388677
3586	101060226
3586	6667
3586	6774
3586	3588
3586	3586
3586	3587
3586	3500
9663	5499
9663	23291
9663	7175
9663	64900
4261	9759
4261	5705
4261	5594
4261	5702
4261	8452
4261	10346
4261	5371
4261	2033
4261	7514
4261	8625
4261	5993
733	29978
733	6455
733	731
733	10427
733	55741
5238	9531
5238	112399
5238	8452
5238	351
5238	4738
5238	4914
5238	216
5238	120892
7157	2885
7157	1457
7157	5970
7157	8878
7157	5966
7157	7185
7157	11277
7157	5705
7157	25
7157	22938
7157	112399
7157	7415
7157	7316
7157	7314
7157	7128
7157	7189
7157	60
7157	5594
7157	834
7157	3312
7157	7917
7157	4609
7157	5702
7157	207
7157	5499
7157	6613
7157	10346
7157	6789
7157	7341
7157	7428
7157	10971
7157	4792
7157	841
7157	472
7157	10542
7157	1385
7157	6118
7157	8651
7157	128866
7157	4000
7157	10537
7157	998
7157	5610
7157	1398
7157	3725
7157	3326
7157	1915
7157	5371
7157	4860
7157	100290337
7157	4738
7157	3320
7157	3551
7157	5591
7157	6667
7157	2908
7157	23291
7157	5578
7157	1147
7157	6714
7157	1956
7157	695
7157	959
7157	5422
7157	5728
7157	1432
7157	83737
7157	2033
7157	1017
7157	58
7157	7514
7157	7157
7157	4067
7157	5336
7157	5580
7157	7334
7157	9730
7157	1994
7157	51547
7157	120892
7157	59
7157	3191
7157	4343
7157	1080
5295	27040
5295	2885
5295	2534
5295	1457
5295	5584
5295	5970
5295	8878
5295	958
5295	25
5295	7297
5295	5293
5295	7316
5295	356
5295	5879
5295	3312
5295	3561
5295	4609
5295	207
5295	8452
5295	4792
5295	6774
5295	3932
5295	7430
5295	8651
5295	5880
5295	4690
5295	7454
5295	998
5295	4851
5295	3716
5295	5295
5295	5335
5295	1956
5295	7048
5295	5336
5295	3717
5295	7094
5295	5728
5295	326
5295	867
5295	1398
5295	1493
5295	5777
5295	4914
5295	6714
5295	695
5295	6667
5295	7175
5295	2033
5295	7535
5295	7132
5295	7412
5295	4790
5295	5580
5295	29851
5295	58
5295	120892
5295	919
5295	355
5295	3916
100	2885
100	144100
100	60
100	4171
100	6667
100	2908
5582	71
5582	60
5582	917
5582	351
5582	4000
5582	998
5582	1398
5582	3326
5582	1915
5582	3320
5582	3559
5582	5578
5582	6714
5582	1956
5582	4067
5582	5336
5582	1080
5582	821
5582	4689
5582	5582
5582	23586
5582	7412
1017	1457
1017	5966
1017	5705
1017	25
1017	22938
1017	112399
1017	7415
1017	71
1017	2624
1017	8517
1017	60
1017	5594
1017	5879
1017	3312
1017	3609
1017	4609
1017	207
1017	988
1017	5499
1017	7520
1017	7169
1017	7428
1017	10971
1017	5426
1017	811
1017	6118
1017	4000
1017	4176
1017	8349
1017	2017
1017	4171
1017	3725
1017	3326
1017	1915
1017	5371
1017	4860
1017	4738
1017	3320
1017	5591
1017	6667
1017	7175
1017	2923
1017	6714
1017	2023
1017	7094
1017	5422
1017	2033
1017	4067
1017	1994
1017	891
1017	3835
1017	25939
1017	103
1017	6502
1017	65061
1017	1017
1017	7334
1017	4914
1017	821
1017	1314
1017	9948
1017	58
1017	7174
1017	120892
1017	23524
1017	10095
1017	9343
987	2534
987	25
987	9531
987	7415
987	7430
987	3916
987	1493
987	4851
987	3191
987	4343
987	2335
987	1080
987	7706
10803	92579
4176	10482
4176	6047
4176	29979
4176	11277
4176	9531
4176	22938
4176	112399
4176	7316
4176	7314
4176	8517
4176	7189
4176	3312
4176	3609
4176	4609
4176	5499
4176	6613
4176	8452
4176	6789
4176	7341
4176	7428
4176	351
4176	4792
4176	4000
4176	4176
4176	3106
4176	4171
4176	4067
4176	5580
4176	5591
4176	3725
4176	2033
4176	3320
4176	4914
4176	1915
4176	27101
4176	919
4176	1080
4176	3326
4176	4738
4176	2335
4176	1956
4176	2017
4176	7412
4176	8350
4176	4790
4176	7706
4176	3843
4176	9343
4176	26260
4176	26270
4176	57217
4176	998
4598	10482
4598	25913
4598	4598
4598	11001
4598	2023
4598	4343
6786	6541
6786	2100
6786	6047
6786	112399
6786	84876
6786	6786
6786	3725
6786	7341
6786	2923
6786	821
6786	999
6786	4738
6786	9343
6786	26123
6786	3916
6786	4000
51095	7430
51095	3191
27040	6449
27040	390212
27040	917
27040	3932
27040	2885
27040	5335
27040	2534
27040	3702
27040	213
27040	7535
27040	7316
27040	867
27040	5336
27040	6452
27040	10488
27040	919
27040	7189
27040	5293
27040	5777
27040	1956
27040	4000
11001	10971
11001	811
11001	1915
11001	891
11001	3257
3609	2885
3609	329
3609	10482
3609	25
3609	22938
3609	71
3609	1915
3609	3191
3609	3326
3609	4343
3609	207
3609	1994
3609	103
3609	3843
3609	1314
3609	5610
3609	5591
3609	3725
3609	7341
3609	2033
3609	8452
3609	3320
3609	4914
3609	5499
3609	8349
3609	6118
3609	6613
3609	4738
3609	2335
3609	1956
3609	7428
3609	988
3609	7412
3609	8350
3609	7706
3609	10537
3609	23291
3609	23524
3609	9343
3609	4171
3609	3916
3609	6023
3609	26270
3609	4000
3932	945
3932	2885
3932	2534
3932	8878
3932	7186
3932	2100
3932	50619
3932	8517
3932	60
3932	5594
3932	356
3932	3312
3932	9021
3932	7917
3932	6452
3932	10971
3932	4792
3932	6774
3932	4067
3932	998
3932	2908
3932	4851
3932	7454
3932	4068
3932	6776
3932	1493
3932	3702
3932	2023
3932	1604
3932	5580
3932	5588
3932	811
3932	5335
3932	1432
3932	355
3932	5336
3932	7430
3932	5578
3932	1606
3932	3326
3932	3320
3932	919
3932	867
3932	3932
3932	7535
3932	5728
3932	5777
3932	695
3932	8651
3932	6714
3932	3717
3932	5590
4035	6047
4035	718
4035	714
4035	4153
4035	713
4035	712
4035	351
4035	811
4035	26270
4035	3320
4035	5578
4035	6714
4035	1956
4035	3191
4035	821
4035	4035
4035	348
4035	2220
1432	2885
1432	2534
1432	1457
1432	5970
1432	8878
1432	7189
1432	144100
1432	5594
1432	23118
1432	3312
1432	3561
1432	4609
1432	653361
1432	207
1432	6613
1432	4792
1432	6774
1432	841
1432	472
1432	4068
1432	1385
1432	5610
1432	3725
1432	1915
1432	8350
1432	5371
1432	213
1432	3320
1432	3551
1432	4790
1432	6667
1432	2908
1432	6714
1432	1956
1432	5581
1432	891
1432	1994
1432	1432
1432	7535
1432	6868
1432	867
1432	5580
1432	2033
1432	3654
1432	5340
1432	58
1432	9948
1432	3716
1432	3835
1432	9730
1432	7706
8915	387522
8915	8878
8915	329
8915	7186
8915	7316
8915	90268
8915	8517
8915	7189
8915	331
8915	23118
8915	9021
8915	207
8915	10892
8915	8915
8915	7132
8915	3551
8915	1147
8915	58484
8915	7334
8915	5588
8915	330
8915	79092
8915	841
8915	4792
8915	5590
8915	3654
8915	472
8915	7514
8915	29108
8915	4790
8915	1994
8915	55072
55139	2100
55139	112399
55139	7415
55139	351
55139	2017
55139	1398
55139	7514
55139	9343
5499	2885
5499	2100
5499	22938
5499	112399
5499	7415
5499	50943
5499	144100
5499	60
5499	5594
5499	3312
5499	714
5499	712
5499	4609
5499	207
5499	988
5499	58
5499	472
5499	5499
5499	5580
5499	999
5499	5591
5499	5610
5499	1385
5499	5728
5499	6714
5499	3725
5499	8452
5499	4914
5499	3551
5499	1398
5499	7412
5499	2335
5499	51547
5499	891
5499	7514
5499	1147
5499	5579
5499	7132
5499	6613
5499	120892
5499	6502
5499	8350
5499	7706
5499	64900
5499	3191
7187	7124
7187	80342
7187	5696
7187	329
7187	7186
7187	6047
7187	7185
7187	958
7187	7187
7187	8737
7187	58
7187	6714
7187	7316
7187	4791
7187	330
7187	939
7187	10758
7187	7341
7187	3551
7187	115650
7187	23495
7187	355
7187	7132
7187	340061
7187	6613
7187	8517
7187	1385
7187	23586
7187	10892
4738	8878
4738	6047
4738	5705
4738	112399
4738	7316
4738	7314
4738	8517
4738	7189
4738	331
4738	60
4738	5594
4738	3312
4738	8345
4738	6613
4738	8452
4738	7520
4738	7341
4738	7428
4738	10971
4738	5426
4738	351
4738	4792
4738	5684
4738	8349
4738	2017
4738	11269
4738	708
4738	1915
4738	26270
4738	100290337
4738	4738
4738	216
4738	867
4738	5591
4738	3320
4738	1314
4738	10549
4738	3551
4738	1956
4738	1789
4738	1147
4738	23291
4738	6502
4738	9730
4738	3106
4738	10095
4738	9948
4738	25939
4738	4791
3191	6541
3191	1457
3191	5584
3191	6047
3191	444
3191	9759
3191	7297
3191	6777
3191	9319
3191	7189
3191	331
3191	144100
3191	6449
3191	6613
3191	8452
3191	10892
3191	7520
3191	7341
3191	6452
3191	7428
3191	351
3191	3836
3191	6118
3191	4000
3191	5610
3191	5590
3191	4171
3191	3725
3191	3326
3191	1915
3191	26270
3191	8350
3191	23291
3191	6714
3191	1956
3191	5581
3191	5728
3191	83737
3191	2033
3191	1314
3191	5335
3191	3717
3191	3191
3191	1994
3191	4343
3191	4914
3191	23524
3191	7412
3191	2335
3191	55072
3191	10725
3191	63891
3191	7706
717	200232
717	10682
717	6554
717	51614
717	727
717	5648
717	721
717	718
717	10488
717	716
717	1604
59067	444
59067	3561
59067	50615
59067	1606
59067	216
59067	10038
59067	26260
58484	5705
58484	834
58484	8772
58484	841
58484	5610
58484	213
58484	22861
58484	29108
58484	114548
58484	64127
58484	58484
5993	10482
5993	9759
5993	988
5993	351
5993	1385
5993	8350
5993	4343
5993	8625
5993	5994
939	966
939	329
939	7186
939	7185
939	970
939	1994
8345	2885
8345	9652
8345	3500
8345	5994
8345	91662
8345	4171
83737	2885
83737	2534
83737	1457
83737	7316
83737	7314
83737	6455
83737	7189
83737	8737
83737	8452
83737	3725
83737	3551
83737	4851
83737	6714
83737	1956
83737	867
83737	83737
83737	4914
83737	1080
83737	1994
83737	120892
5610	7186
5610	2100
5610	7297
5610	7189
5610	5594
5610	23118
5610	5879
5610	3312
5610	8452
5610	6789
5610	7456
5610	4792
5610	6774
5610	841
5610	128866
5610	4000
5610	998
5610	3551
5610	1147
5610	3320
5610	5610
5610	3725
5610	4914
5610	3716
5610	1994
5610	4343
5610	3326
5610	103
5610	1956
5610	4171
5610	5728
5610	9343
5610	114548
5610	22861
50943	7124
50943	5970
50943	5692
50943	5966
50943	9759
50943	10725
50943	3312
50943	2033
50943	103
50943	213
50943	50943
8625	10482
8625	9759
8625	7917
8625	4000
8625	5591
8625	4343
8625	5994
8625	8625
8772	7124
8772	7186
8772	6047
8772	8517
8772	7128
8772	356
8772	8737
8772	8452
8772	8772
8772	7341
8772	355
8772	7132
8772	841
8772	3654
8772	5590
8772	7430
8772	843
8772	7514
8772	330
8772	120892
8772	4790
1385	1457
1385	2100
1385	6047
1385	25
1385	4609
1385	207
1385	10346
1385	7341
1385	6774
1385	472
1385	2033
1385	2908
1385	5581
1385	1080
1385	79803
1385	2335
1385	8350
1385	695
1385	6667
1385	5777
1385	3725
1385	10488
1385	1789
1385	1385
22938	8878
22938	2100
22938	10482
22938	7185
22938	5705
22938	8517
22938	4609
22938	2033
22938	9343
22938	4343
22938	23524
22938	4851
22938	988
22938	3312
22938	6714
22938	5591
22938	3725
22938	3836
22938	8452
22938	3320
22938	7334
22938	4914
22938	1314
22938	7094
22938	5426
22938	9652
22938	1915
22938	3326
22938	472
22938	90268
22938	4000
22938	55612
22938	11269
22938	2017
22938	3843
22938	8546
22938	891
22938	22938
22938	5702
22938	60
22938	1994
22938	9319
22938	100290337
22938	51547
22938	112399
22938	144100
22938	8350
5579	8517
5579	10616
5579	917
5579	653361
5579	207
5579	4000
5579	3326
5579	1915
5579	8350
5579	3320
5579	3551
5579	3559
5579	5578
5579	1147
5579	1956
5579	695
5579	2033
5579	4067
5579	5580
5579	23586
5579	2335
5579	7132
5579	821
5579	1080
5579	84876
5579	5579
5579	4689
5579	55072
5579	63891
3394	5970
3394	8878
3394	7189
3394	4790
3394	867
3394	3394
8517	7124
8517	2534
8517	5584
8517	5970
8517	5696
8517	8878
8517	329
8517	7186
8517	8676
8517	6047
8517	5966
8517	7185
8517	9531
8517	112399
8517	71
8517	7316
8517	7314
8517	100290337
8517	4790
8517	4609
8517	7189
8517	4792
8517	1915
8517	330
8517	3326
8517	11274
8517	5588
8517	7128
8517	821
8517	10758
8517	10892
8517	1147
8517	3654
8517	3312
8517	841
8517	6714
8517	3551
8517	8517
8517	7514
8517	23291
8517	207
8517	472
8517	7132
8517	5591
8517	3702
8517	5684
8517	8737
8517	3500
8517	10616
8517	4791
8517	1314
8517	3320
8517	11269
8517	3717
8517	4067
8517	7341
8517	5581
8517	3836
8517	1956
8517	23118
8517	55072
8517	64127
8517	29108
8517	23586
6868	7124
6868	6047
6868	5594
6868	351
6868	26270
6868	5578
6868	4851
6868	2923
6868	6714
6868	5581
6868	7132
6868	1080
6868	999
1893	375791
1893	2100
1893	29978
1893	29979
1893	356
1893	351
1893	3426
695	2885
695	2534
695	5970
695	25
695	5594
695	356
695	351
695	7454
695	5590
695	3326
695	3320
695	5578
695	6714
695	5581
695	4067
695	355
695	5335
695	3654
695	6776
695	3702
695	867
695	5336
695	5588
695	695
695	8546
695	3716
695	58
695	5777
695	3717
695	7535
23586	7316
23586	7314
23586	10616
23586	340061
23586	10537
23586	5578
23586	6714
23586	867
23586	7706
23586	55072
23586	23586
10537	5584
10537	8878
10537	5692
10537	8676
10537	10482
10537	5705
10537	112399
10537	7415
10537	71
10537	9319
10537	8907
10537	60
10537	1173
10537	3312
10537	7917
10537	5702
10537	6613
10537	6499
10537	10971
10537	811
10537	5591
10537	2923
10537	3320
10537	2023
10537	1314
10537	7094
10537	1915
10537	3654
10537	3326
10537	2017
10537	6502
10537	4688
10537	4791
10537	3106
10537	55626
10537	10537
10537	213
10537	7174
10537	4860
10537	9343
5705	5696
5705	5692
5705	2100
5705	6047
5705	60468
5705	5684
5705	5702
5705	6667
5705	4791
5705	3312
5705	7189
5705	867
5705	5777
5705	3725
5705	8452
5705	4914
5705	9531
5705	5698
5705	4609
5705	5590
5705	1080
5705	988
5705	23524
5705	5705
5705	7412
5705	26260
5705	51547
5705	26270
5705	6613
5705	207
5705	55626
5705	112399
5705	51061
5705	55741
5705	7415
5705	7706
5705	144100
23291	7124
23291	5970
23291	5966
23291	9531
23291	7415
23291	6789
23291	5426
23291	351
23291	4792
23291	3326
23291	10758
23291	3320
23291	3551
23291	4790
23291	4791
23291	1147
23291	23291
23291	3654
23291	1994
23291	103
23291	10535
23291	55626
23291	4343
6667	7124
6667	2885
6667	2534
6667	1457
6667	5970
6667	2100
6667	10482
6667	6047
6667	5966
6667	9759
6667	25
6667	71
6667	7316
6667	5594
6667	3312
6667	4609
6667	7341
6667	7169
6667	7428
6667	6774
6667	841
6667	472
6667	4690
6667	5590
6667	1398
6667	3725
6667	3326
6667	5371
6667	3320
6667	4790
6667	5591
6667	2033
6667	355
6667	6714
6667	7048
6667	720
6667	2335
6667	1956
6667	6667
6667	4791
6667	5578
6667	348
6667	5580
6667	4914
6667	6502
6667	891
10095	2100
10095	71
10095	144100
10095	60
10095	6613
10095	7341
10095	351
10095	811
10095	6118
10095	7454
10095	1398
10095	7514
10095	4343
10095	1080
10095	4914
10095	7706
10095	120892
10038	2100
10038	841
10038	6118
10038	8350
3843	6047
3843	112399
3843	988
3843	6613
3843	8452
3843	6789
3843	7430
3843	3836
3843	7454
3843	26270
3843	8350
3843	4851
3843	1956
3843	7514
3843	9343
3843	3845
3843	2335
3843	1080
3843	4914
3843	5897
3843	7412
3843	51547
3843	120892
200232	80342
200232	966
200232	638
200232	387522
200232	30817
200232	10682
200232	7056
200232	7124
1773	71
1773	60
1773	58
1773	59
1773	7706
3559	5584
3559	5970
3559	5966
3559	6777
3559	6774
3559	5590
3559	4790
3559	5581
3559	6776
3559	5580
3559	5588
3559	5578
3559	3559
10535	8907
10535	84153
10535	79621
10535	8350
10535	4343
10535	7706
23495	7186
23495	7297
23495	7189
23495	6449
23495	10673
23495	708
23495	3654
23495	970
3654	5584
3654	5970
3654	8878
3654	7186
3654	10482
3654	9531
3654	112399
3654	7316
3654	7314
3654	7128
3654	7189
3654	331
3654	23118
3654	3312
3654	340061
3654	4609
3654	207
3654	8452
3654	7341
3654	4792
3654	6774
3654	4000
3654	5590
3654	3725
3654	3320
3654	3551
3654	1147
3654	1956
3654	7514
3654	5580
3654	7132
3654	3654
3654	91662
3654	999
3654	55072
3654	64127
93380	30817
93380	7056
93380	727
93380	2100
93380	29978
93380	731
93380	821
93380	351
93380	10758
93380	1994
93380	103
93380	9343
93380	112399
93380	26123
79092	387522
79092	9319
79092	10892
79092	7334
50506	51061
26270	5551
26270	7415
26270	71
26270	7314
26270	9319
26270	3312
26270	51061
26270	5702
26270	10971
26270	7430
26270	5684
26270	5880
26270	3916
26270	4000
26270	5873
26270	3326
26270	708
26270	1915
26270	5591
26270	3320
26270	2023
26270	821
26270	1314
26270	1956
26270	103
26270	213
26270	26123
26270	84061
26270	26270
248	386681
248	144100
248	3725
248	11269
248	4790
248	1994
248	8546
248	64127
7186	7124
7186	387522
7186	329
7186	7185
7186	6047
7186	958
7186	9841
7186	7341
7186	7128
7186	7186
7186	8737
7186	7189
7186	71
7186	3312
7186	7132
7186	3551
7186	3326
7186	7314
7186	841
7186	10892
7186	5590
7186	1147
7186	3320
7186	29978
7186	330
7186	7334
7186	10758
7186	23118
7186	7316
7186	867
7186	3725
7186	2033
7186	834
7186	4792
7186	331
7186	115650
7186	1956
7186	120892
7186	959
7186	998
7186	55072
7186	1994
7186	340061
7186	2100
945	6714
945	5777
945	867
945	712
945	713
945	714
4689	5584
4689	9759
4689	5879
4689	653361
4689	5590
4689	1536
4689	4688
4689	5591
4689	5578
4689	5581
4689	5580
4689	5588
4689	1535
4689	7412
351	638
351	10682
351	2885
351	6541
351	2534
351	1457
351	5584
351	5692
351	8676
351	2100
351	29979
351	444
351	50619
351	9759
351	25
351	6777
351	7415
351	7314
351	10616
351	7189
351	60
351	23118
351	3312
351	9021
351	4609
351	207
351	8452
351	7341
351	7428
351	2923
351	3725
351	841
351	811
351	335
351	348
351	351
351	3320
351	7048
351	6714
351	4851
351	5580
351	7535
351	5340
351	6891
351	11269
351	64135
351	3845
351	25939
351	57379
351	51547
351	10673
351	4171
351	6118
351	213
351	5873
351	23524
351	79012
351	1956
351	5896
351	7706
351	2335
57379	71
57379	3312
57379	3836
57379	11269
57379	3326
57379	1915
57379	3320
57379	5591
57379	7514
57379	57379
64135	7341
64135	63891
64135	7706
64135	64135
970	6047
970	472
970	1994
3702	2885
3702	2534
3702	356
3702	3836
3702	8651
3702	7454
3702	3326
3702	3320
3702	6714
3702	1956
3702	5336
3702	5335
3702	867
3702	3702
6613	10482
6613	6047
6613	7185
6613	9759
6613	7415
6613	71
6613	7314
6613	9319
6613	8907
6613	60
6613	23118
6613	5879
6613	3312
6613	4609
6613	5702
6613	988
6613	1915
6613	3326
6613	6613
6613	7175
6613	7520
6613	2023
6613	3725
6613	8452
6613	5371
6613	5591
6613	5580
6613	7341
6613	2033
6613	5422
6613	5684
6613	3836
6613	2923
6613	3320
6613	821
6613	1314
6613	7094
6613	811
6613	10549
6613	4792
6613	1080
6613	8349
6613	7514
6613	10971
6613	3835
6613	1994
6613	7430
6613	10725
6613	103
6613	23524
6613	6774
6613	2908
6613	2335
6613	9343
6613	4000
6613	4171
6613	4791
6613	7706
6613	7174
6613	100290337
6613	59
6613	25939
6613	4860
917	2534
917	5584
917	5581
917	5590
917	5580
917	5588
917	5578
917	867
917	919
917	2908
3845	8878
3845	5692
3845	71
3845	7189
3845	5594
3845	5879
3845	3312
3845	9021
3845	5702
3845	988
3845	7520
3845	5684
3845	3326
3845	1915
3845	5371
3845	3320
3845	2023
3845	1994
3845	23524
3845	3845
3845	7334
3845	4914
3845	999
3845	3716
331	387522
331	8878
331	329
331	7316
331	7314
331	7189
331	207
331	841
331	331
331	4851
331	843
331	7334
331	64127
331	23118
331	5879
331	1956
331	891
331	5728
331	8737
331	5880
331	1994
331	330
331	998
335	2100
335	7415
335	714
335	712
335	3500
335	213
335	3929
335	22861
335	3078
335	2335
335	959
335	335
335	11269
335	7412
25	2885
25	2534
25	4067
25	58
25	2033
25	7189
25	4792
25	1398
25	6714
25	7454
25	3716
25	7535
25	472
25	5580
25	3725
25	6452
25	4914
25	5591
25	718
25	5335
25	4690
25	867
25	3717
25	326
25	6789
25	25
25	5777
25	1956
25	9051
25	729
25	8651
25	3312
25	100290337
25	10971
25	3320
25	3326
25	1173
25	9021
25	7514
25	120892
25	6777
25	5590
25	7706
25	6776
2023	10682
2023	2885
2023	2534
2023	2100
2023	6047
2023	9759
2023	60
2023	3312
2023	51061
2023	207
2023	8452
2023	7341
2023	10971
2023	811
2023	7430
2023	5684
2023	4000
2023	3981
2023	4171
2023	3725
2023	3326
2023	26260
2023	4860
2023	3320
2023	4790
2023	6714
2023	5340
2023	2033
2023	5422
2023	4914
2023	2335
2023	7412
2023	710
2023	10549
2023	9948
2023	1080
2023	999
2023	9343
2023	7706
5970	7124
5970	1457
5970	4790
5970	4609
5970	2033
5970	9343
5970	71
5970	4792
5970	2908
5970	3312
5970	5594
5970	3551
5970	3326
5970	7314
5970	5371
5970	3725
5970	6774
5970	5590
5970	7412
5970	3320
5970	4210
5970	653361
5970	1147
5970	4851
5970	5578
5970	5591
5970	5966
5970	4791
5970	8651
5970	5970
5970	7316
5970	7454
5970	5580
5970	3836
5970	5340
5970	4914
5970	9021
5970	841
5970	8878
5970	713
5970	58
5970	472
5970	207
5970	330
5970	329
5970	891
5970	3557
5970	7514
5970	112399
5970	1789
5970	29979
10725	7124
10725	472
10725	3725
10725	5335
10725	5777
10725	7706
10725	10725
1474	2100
1474	735
7174	10482
7174	3106
7174	9343
7174	4914
7174	51547
7174	7174
8737	7124
8737	387522
8737	5584
8737	8878
8737	329
8737	7185
8737	112399
8737	71
8737	7316
8737	7128
8737	10616
8737	7189
8737	23118
8737	3312
8737	8737
8737	355
8737	7132
8737	3326
8737	841
8737	1956
8737	3320
8737	843
8737	330
8737	867
8737	7048
8737	7341
8737	2033
8737	7334
8737	3551
8737	5590
8737	7514
8737	1147
8737	4790
8737	64127
8737	120892
8737	29108
8737	55072
100290337	2100
100290337	10482
100290337	9759
100290337	112399
100290337	7189
100290337	4609
100290337	988
100290337	8452
100290337	7520
100290337	7169
100290337	5426
100290337	6118
100290337	8349
100290337	3725
100290337	8350
100290337	213
100290337	2033
100290337	4914
100290337	7175
100290337	5896
100290337	5897
100290337	6502
100290337	5728
100290337	7706
100290337	9730
100290337	55626
100290337	25939
100290337	64421
100290337	51547
100290337	100290337
100290337	120892
100290337	9343
100290337	1789
720	4609
720	3916
720	4171
720	213
720	3835
720	2335
720	1378
8546	90993
8546	2100
8546	9759
8546	472
8546	3916
8546	3725
8546	7514
8546	10488
8546	9343
8546	4914
8546	7706
8546	120892
8546	114548
8546	79012
29108	8878
29108	9051
29108	834
29108	10892
29108	841
29108	3916
29108	5371
29108	3551
29108	1147
29108	22861
29108	4210
29108	114548
29108	91662
29108	29108
29108	65061
4791	329
4791	2100
4791	10482
4791	5966
4791	958
4791	50619
4791	9759
4791	7415
4791	71
4791	7316
4791	7314
4791	7128
4791	3312
4791	988
4791	7520
4791	7341
4791	4792
4791	6774
4791	5684
4791	3326
4791	3320
4791	3551
4791	4790
4791	5591
4791	2908
4791	9343
4791	1147
4791	4791
4791	7514
4791	3717
4791	4343
5873	6047
5873	1915
5873	201294
355	7124
355	2534
355	8878
355	29979
355	356
355	7917
355	7341
355	841
355	7430
355	1915
355	5371
355	5578
355	6714
355	1956
355	5335
355	5777
355	7132
355	843
355	355
4171	2885
4171	1457
4171	2100
4171	7415
4171	71
4171	7314
4171	5594
4171	23118
4171	3312
4171	7520
4171	7341
4171	10971
4171	811
4171	7430
4171	3836
4171	472
4171	6118
4171	4000
4171	8349
4171	998
4171	4171
4171	326
4171	5591
4171	3725
4171	2033
4171	5422
4171	2923
4171	3320
4171	4914
4171	7094
4171	1915
4171	708
4171	7175
4171	1080
4171	3326
4171	7514
4171	2335
4171	7412
4171	8350
4171	3500
4171	7706
4171	9343
4171	10427
4171	4860
4171	59
4171	58
4171	721
10346	23118
10346	1147
10346	5371
10346	10346
2147	7056
2147	708
2147	213
2147	2335
2147	729
2147	710
2147	2147
6502	10482
6502	9531
6502	7314
6502	4609
6502	207
6502	8452
6502	7428
6502	3836
6502	472
6502	3326
6502	11274
6502	3320
6502	2033
6502	3717
6502	1994
6502	27101
6502	999
6502	6502
6502	5897
6502	891
6502	25939
6502	7706
3835	2100
3835	10482
3835	1398
3835	8350
3835	4343
3835	891
3835	721
713	29978
713	714
713	5806
713	715
713	712
713	708
713	2335
713	7428
1147	7124
1147	1457
1147	5584
1147	5966
1147	7185
1147	958
1147	112399
1147	71
1147	7128
1147	7189
1147	23118
1147	4609
1147	207
1147	4792
1147	841
1147	3326
1147	11274
1147	10758
1147	3320
1147	3551
1147	4790
1147	5591
1147	5578
1147	2033
1147	7132
1147	6714
1147	5588
1147	7334
1147	1147
1147	5580
1147	4914
1147	1080
1147	7514
1147	1994
1147	55626
567	2885
567	6890
567	7917
567	811
567	2923
567	3106
567	821
567	1080
567	567
567	6892
567	6891
3320	2885
3320	2534
3320	1457
3320	5584
3320	2100
3320	10482
3320	7185
3320	9759
3320	7297
3320	9531
3320	7415
3320	71
3320	7128
3320	10616
3320	144100
3320	60
3320	5594
3320	23118
3320	3312
3320	6449
3320	4609
3320	207
3320	988
3320	8452
3320	6789
3320	7341
3320	7428
3320	6774
3320	5684
3320	5590
3320	3725
3320	3326
3320	1915
3320	26260
3320	10758
3320	4790
3320	2908
3320	7132
3320	3551
3320	6714
3320	7535
3320	5591
3320	999
3320	3320
3320	5588
3320	7048
3320	4067
3320	5578
3320	5580
3320	5581
3320	1956
3320	27101
3320	9343
3320	7334
3320	1080
3320	3717
3320	4914
3320	120892
3320	7412
3320	114548
3320	2335
3320	79012
3320	3716
3320	65061
3320	7514
3320	91662
3320	5896
3320	821
3320	55626
3320	5728
3320	55072
3320	7706
5588	2534
5588	50619
5588	71
5588	60
5588	207
5588	10892
5588	7456
5588	10971
5588	7430
5588	4000
5588	5590
5588	3326
5588	1915
5588	3551
5588	6714
5588	1956
5588	4067
5588	5580
5588	1080
5588	5588
5588	821
5588	867
5588	5335
5588	7412
2859	51614
2859	2542
2859	821
2219	5648
2219	5806
2219	10747
2219	2219
2219	2220
7456	2885
7456	2534
7456	9531
7456	71
7456	9051
7456	4609
7456	7454
7456	4067
7456	7535
7456	2017
7456	4690
7456	1994
7456	998
7456	120892
112399	10682
112399	2885
112399	1457
112399	8878
112399	329
112399	5966
112399	7428
112399	867
112399	5594
112399	3312
112399	5591
112399	3725
112399	3836
112399	5879
112399	821
112399	1314
112399	5426
112399	10549
112399	3551
112399	4792
112399	27101
112399	7514
112399	10971
112399	5702
112399	2017
112399	6789
112399	23118
112399	7415
112399	7706
112399	3106
112399	330
112399	5371
112399	51371
112399	7917
112399	10427
112399	79803
112399	998
112399	9319
112399	90268
112399	112399
112399	9730
112399	25939
112399	55626
7706	387522
7706	2885
7706	51614
7706	5584
7706	8878
7706	329
7706	2100
7706	6047
7706	29979
7706	444
7706	6777
7706	7415
7706	9319
7706	10616
7706	7189
7706	5594
7706	1173
7706	3312
7706	51061
7706	6449
7706	7917
7706	4609
7706	7520
7706	7341
7706	7169
7706	10971
7706	6774
7706	811
7706	7430
7706	5684
7706	4000
7706	1493
7706	3725
7706	11269
7706	708
7706	1915
7706	5371
7706	5591
7706	4851
7706	5422
7706	2033
7706	7514
7706	4067
7706	5336
7706	867
7706	1994
7706	9343
7706	7132
7706	7334
7706	821
7706	999
7706	7048
7706	3500
7706	22861
7706	7706
7706	10549
7706	55072
7706	10427
7706	25939
7706	9948
7706	65061
7706	55626
7706	57217
7706	1604
51614	638
51614	10682
51614	7056
51614	81494
51614	6890
51614	51614
51614	6047
51614	2861
51614	26123
6776	8878
6776	2100
6776	5551
6776	6777
6776	5594
6776	51061
6776	3561
6776	4609
6776	207
6776	6774
6776	1493
6776	1398
6776	4790
6776	2908
6776	6714
6776	1956
6776	5728
6776	2033
6776	4067
6776	867
6776	3717
6776	5777
6776	3716
6776	919
6776	6776
6776	2335
1457	7124
1457	638
1457	1457
1457	5966
1457	4067
1457	4609
1457	5594
1457	5728
1457	207
1457	821
1457	7454
1457	5684
1457	3725
1457	1130
1457	3326
1457	5371
1457	4792
1457	1080
1457	6714
1457	999
1457	348
1457	653361
1457	715
1457	5591
1457	7341
1457	4914
1457	10971
1457	1994
1457	7520
1457	23524
1457	10482
1457	2335
1457	51547
1457	7428
1457	8878
1457	1956
1457	7514
1457	2100
1457	64900
1457	4000
1457	9343
1457	144100
6777	2033
6777	2908
6777	5594
6777	6714
6777	6774
6777	1956
6777	1398
6777	3716
6777	867
6777	919
6777	5777
6777	1493
6777	3717
6777	6777
6777	8651
6777	4914
6777	9021
6777	7412
6890	390212
6890	5696
6890	6047
6890	363
6890	6554
6890	5698
6890	2923
6890	3106
6890	10488
6890	811
6890	6892
6890	6891
6890	26123
6890	4000
6890	821
6890	6890
65061	718
65061	6774
65061	26525
65061	3326
65061	1789
65061	3500
65061	3557
65061	65061
7132	7124
7132	2885
7132	2534
7132	329
7132	29979
7132	7185
7132	71
7132	7316
7132	7314
7132	7128
7132	10616
7132	7189
7132	5594
7132	356
7132	5879
7132	3312
7132	6449
7132	207
7132	7341
7132	841
7132	7430
7132	1536
7132	708
7132	3551
7132	5591
7132	6714
7132	1956
7132	5580
7132	867
7132	3717
7132	5777
7132	1994
7132	330
7132	821
7132	3716
7132	843
7132	7132
7132	55072
7132	1535
3075	2885
3075	718
3075	213
3075	2033
3075	3078
3075	3426
3075	10878
3075	5806
710	7917
710	716
710	213
710	10488
710	715
710	5340
710	5648
710	10747
710	5345
5293	5584
5293	7297
5293	4690
5293	10971
5293	5728
5293	5293
5293	5335
5293	6714
5293	5336
5293	7535
5293	1398
5293	207
5293	5880
5293	3716
5293	4914
5293	7412
8676	5702
8676	5684
8676	8676
8676	6813
8676	1994
201294	4000
4609	8878
4609	5692
4609	6047
4609	71
4609	7316
4609	7314
4609	60
4609	5594
4609	3312
4609	4000
4609	5591
4609	2033
4609	4609
4609	5426
4609	3326
4609	9343
4609	5702
4609	708
4609	5684
4609	7520
4609	7514
4609	5371
4609	10971
4609	3725
4609	10775
4609	2335
4609	472
4609	6499
4609	5896
4609	1535
4609	1994
4609	7428
4609	4790
4609	103
4609	207
4609	5728
4609	55626
7430	5584
7430	2100
7430	9531
7430	7189
7430	144100
7430	60
7430	356
7430	7428
7430	811
7430	841
7430	6714
7430	1080
7430	1956
7430	3106
7430	5578
7430	999
7430	843
7430	120892
7430	7430
7430	7412
7430	3725
7430	4914
7430	2335
7430	9948
7430	1994
7430	9343
5696	9319
5696	5966
5696	5698
5696	5684
5696	5692
5696	6891
5696	5696
5696	1080
5696	5702
5696	51371
7189	7124
7189	387522
7189	2534
7189	8878
7189	5692
7189	329
7189	7185
7189	958
7189	7415
7189	71
7189	7316
7189	7314
7189	7128
7189	10616
7189	7189
7189	998
7189	7175
7189	7334
7189	5879
7189	10758
7189	811
7189	6714
7189	3312
7189	5590
7189	10892
7189	4914
7189	23118
7189	7917
7189	27101
7189	5777
7189	5684
7189	867
7189	5702
7189	4860
7189	7048
7189	8651
7189	5580
7189	7341
7189	821
7189	9021
7189	841
7189	3551
7189	1915
7189	3717
7189	330
7189	472
7189	207
7189	64127
7189	55626
7189	6774
7189	10971
7189	8349
7189	55072
6499	2100
6499	9652
6499	9948
6499	5335
6499	4914
6499	51547
6499	1956
6499	55612
444	8878
444	2100
444	6047
444	8452
444	9343
55626	3312
55626	9021
55626	5702
55626	5684
55626	9948
55626	55072
55626	3257
55626	55626
834	4000
834	841
834	1956
834	22861
834	843
834	64127
834	834
834	8452
834	330
834	4210
3551	7124
3551	5584
3551	8878
3551	329
3551	5966
3551	7185
3551	958
3551	71
3551	7314
3551	7128
3551	23118
3551	3312
3551	207
3551	8452
3551	10892
3551	7428
3551	4792
3551	6774
3551	841
3551	5590
3551	3725
3551	3326
3551	708
3551	11274
3551	10758
3551	4790
3551	3551
3551	5578
3551	6714
3551	5591
3551	10488
3551	5580
3551	5581
3551	330
3557	25913
3557	2908
3557	3557
7297	2534
7297	375791
7297	10482
7297	4067
7297	867
7297	7520
7297	5578
7297	5777
7297	3716
7297	3717
7297	7297
7297	3587
7297	8651
7297	3326
7297	3588
7297	3561
7297	7048
7297	4343
386681	8907
386681	9841
386681	718
386681	3561
386681	386681
386681	375791
386681	3846
386681	388677
386681	101060226
386681	2740
213	2885
213	8907
213	3312
213	6789
213	472
213	10542
213	5684
213	26260
213	4790
213	3500
213	629
213	348
213	2335
213	213
213	1675
213	63891
91662	3312
91662	6449
91662	27101
988	81704
988	2100
988	9319
988	60
988	3312
988	5702
988	9343
988	4343
988	23524
988	5591
988	3725
988	7341
988	8452
988	7334
988	4914
988	1314
988	7094
988	1915
988	7175
988	3326
988	6118
988	10971
988	55612
988	1994
988	4000
988	11269
988	6774
988	988
988	891
6462	2885
6462	60
6462	9051
6462	2542
6462	1915
6462	59
6462	6462
1493	2534
1493	8907
1493	1173
1493	4067
1493	3717
1493	1493
1493	1994
2908	2534
2908	7314
2908	5594
2908	6449
2908	207
2908	7341
2908	6774
2908	811
2908	3836
2908	3725
2908	3326
2908	8350
2908	5371
2908	4790
2908	5591
2908	2908
2908	6714
2908	2033
2908	1956
2908	1994
207	5692
207	329
207	2100
207	958
207	7415
207	7316
207	2624
207	60
207	5879
207	3312
207	653361
207	998
207	2033
207	472
207	3326
207	5591
207	5578
207	5590
207	207
207	5335
207	8349
207	6789
207	6714
207	5728
207	4851
207	7169
207	999
207	3716
207	841
207	9652
207	4792
207	10971
207	1956
207	7428
207	2017
207	120892
207	58
207	6774
29978	6047
29978	6449
29978	29979
29978	7316
29978	714
29978	4153
29978	7314
29978	712
29978	29978
29978	7917
29978	3312
29978	4914
29978	6118
29978	1994
29978	26260
29978	79621
5806	5199
5806	718
5806	714
5806	712
5806	716
5806	715
5806	2220
5806	8547
5806	5806
64421	7520
64421	472
64421	3981
64421	5591
26260	29979
26260	71
26260	9319
26260	60
26260	3312
26260	5702
26260	8349
26260	3326
26260	5578
26260	2033
26260	1314
26260	7514
26260	1956
26260	26260
26260	25939
4068	2885
4068	2534
4068	7415
4068	5594
4068	998
4068	1956
4068	4914
4068	4067
4068	4690
4068	919
4068	1994
1536	71
1536	60
1536	5879
1536	653361
1536	7341
1536	5880
1536	4688
1536	1535
9021	638
9021	5966
9021	1956
9021	3717
9021	3716
9021	867
9021	5777
9021	4690
9021	55072
9021	51061
9021	4792
9021	4790
9021	7428
9021	1994
9021	6774
9021	1398
9021	50615
9021	3561
9021	3587
9021	3588
9021	10971
7454	2885
7454	2534
7454	9051
7454	5879
7454	5880
7454	4690
7454	4067
7454	998
7454	5335
7454	6714
7454	1956
7454	7454
7454	867
7454	2017
11277	10682
11277	375791
11277	10482
11277	29979
11277	363
11277	472
11277	5591
11277	4343
11277	59
2100	966
2100	387522
2100	5584
2100	375791
2100	8878
2100	5692
2100	5199
2100	6714
2100	2100
2100	7316
2100	10971
2100	71
2100	5594
2100	3312
2100	5591
2100	7341
2100	2033
2100	5684
2100	3836
2100	8452
2100	6892
2100	5879
2100	821
2100	999
2100	1314
2100	7094
2100	8907
2100	10549
2100	9652
2100	1915
2100	708
2100	472
2100	7514
2100	1956
2100	5702
2100	2017
2100	10482
2100	23118
2100	8350
2100	7415
2100	23524
2100	9343
2100	60
2100	11269
2100	79803
2100	10775
2100	10427
2100	103
2100	998
2100	51547
2100	1604
2100	4343
2100	84061
2100	5371
2100	6774
2100	7520
2100	7917
2100	144100
5777	2885
5777	3561
5777	3587
5777	6452
5777	841
5777	50615
5777	5578
5777	6714
5777	1956
5777	4067
5777	5336
5777	5580
5777	5335
5777	867
5777	3717
5777	7535
5777	3716
5777	5777
5777	4914
5777	919
5777	3588
1535	5879
1535	653361
1535	7428
1535	5684
1535	4688
1535	5578
1535	7412
1994	7124
1994	10682
1994	2885
1994	6541
1994	5584
1994	5199
1994	9759
1994	7415
1994	90268
1994	2624
1994	7128
1994	144100
1994	60
1994	8452
1994	6789
1994	7341
1994	7428
1994	10971
1994	6774
1994	811
1994	3836
1994	472
1994	6118
1994	3916
1994	4000
1994	998
1994	2017
1994	3725
1994	3326
1994	1915
1994	10758
1994	4790
1994	5591
1994	5578
1994	5581
1994	5728
1994	7514
1994	1314
1994	4067
1994	5580
1994	4343
1994	1994
1994	6892
1994	7334
1994	4914
1994	821
1994	348
1994	2335
1994	7412
1994	23524
1994	103
1994	51547
1994	55072
472	7415
472	3312
472	7917
472	7520
472	7428
472	2033
472	6118
472	5591
472	472
472	3981
472	8651
472	4851
472	1915
472	63891
472	51547
472	9730
9759	966
9759	2885
9759	58
9759	5594
9759	9759
9759	3312
9759	7341
9759	10971
9759	5994
9759	4792
9759	4790
9759	144100
9759	2923
9759	11269
9759	1915
9759	3326
9759	27101
9759	7175
9759	64900
9759	9319
5590	2534
5590	5584
5590	8878
5590	7415
5590	5594
5590	653361
5590	7428
5590	10971
5590	4792
5590	841
5590	4000
5590	998
5590	1915
5590	3326
5590	6714
5590	1080
5590	1956
5590	5590
5590	5580
5590	821
5590	5578
5590	5728
5590	708
5590	3716
5590	10549
5590	7175
5590	120892
5590	4790
7428	387522
7428	5584
7428	8878
7428	718
7428	60
7428	3312
7428	5702
7428	10892
7428	7520
7428	7341
7428	2335
7428	7334
7428	8651
7428	5580
7428	2033
7428	7428
7428	3717
90993	387522
90993	30817
90993	81494
90993	6541
90993	10682
90993	7124
90993	727
90993	10488
90993	90993
5578	5692
5578	10482
5578	10616
5578	5879
5578	653361
5578	6452
5578	4792
5578	4000
5578	998
5578	3326
5578	708
5578	1915
5578	8350
5578	4790
5578	58
5578	2033
5578	5581
5578	5335
5578	6714
5578	1080
5578	1956
5578	867
5578	5336
5578	3716
5578	5578
5578	821
5578	4343
5578	55072
5578	27101
5578	4914
356	2885
356	2534
356	375791
356	9051
356	4067
356	7341
356	6714
356	841
356	4690
356	653361
356	1398
356	2335
356	843
356	356
3981	71
3981	7314
3981	7520
3981	5591
3981	1915
3981	3981
55072	7124
55072	8878
55072	329
55072	7185
55072	958
55072	7415
55072	90268
55072	7128
55072	10616
55072	60
55072	23118
55072	3312
55072	10892
55072	7520
55072	4792
55072	5684
55072	3326
55072	1915
55072	23524
55072	4914
55072	330
55072	64127
55072	55072
10775	10775
10775	6023
727	10682
727	363
727	730
727	718
727	729
727	727
727	4000
8651	2885
8651	2534
8651	7316
8651	6455
8651	3561
8651	3587
8651	1956
8651	4690
8651	3717
8651	3716
8651	8651
8651	1398
8651	867
8651	50615
8651	3588
5879	7124
5879	2885
5879	81704
5879	5584
5879	329
5879	50619
5879	7316
5879	60
5879	998
5879	58
5879	2923
5879	5335
5879	7917
5879	6774
5879	4688
5879	5879
5879	653361
5879	4690
5879	1314
5879	89781
5879	5580
5879	3725
5879	7341
5879	120892
5879	7412
5879	2335
5879	712
5879	8350
5879	1915
10673	115650
10673	10673
71	2885
71	5966
71	7185
71	60
71	4790
71	71
71	3326
71	4792
71	23118
71	999
71	653361
71	10971
71	7341
71	120892
71	348
71	58
71	2335
71	2017
71	5580
71	1915
71	8350
71	9343
71	144100
3357	92579
3929	7917
3929	5684
3929	10549
3929	3078
5648	718
5648	1173
5648	4153
5648	8452
5648	721
5648	10747
5648	2220
5648	5648
629	5199
629	718
629	10542
629	6118
629	11269
629	2335
629	721
629	629
629	220323
715	2885
715	329
715	718
715	712
715	716
715	2033
715	715
1314	7124
1314	10482
1314	3312
1314	6789
1314	7341
1314	6118
1314	3725
1314	3326
1314	1915
1314	1956
1314	7514
1314	4343
1314	4914
1314	7412
1314	51547
1314	1314
1314	9343
1314	1080
144100	2885
144100	8878
144100	7415
144100	7314
144100	6455
144100	8907
144100	999
144100	5594
144100	3312
144100	6714
144100	3836
144100	811
144100	348
144100	1915
144100	708
144100	3326
144100	10971
144100	1956
144100	2017
144100	6449
144100	1173
144100	9948
144100	23524
144100	128866
144100	4000
144100	1604
144100	4343
144100	7520
103	8452
103	7520
103	7341
103	6118
103	3725
103	5591
103	1956
103	7514
103	103
103	4914
388677	375791
388677	3846
388677	2740
388677	5551
84153	7094
84153	5702
84153	891
84153	79621
79803	2033
79803	7514
7185	8878
7185	329
7185	3312
7185	7314
7185	6714
7185	841
7185	3500
7185	7316
7185	708
7185	330
7185	10758
7185	2624
7185	7185
7185	843
7185	958
7185	7128
7185	10616
7185	115650
7185	959
966	2885
966	6714
966	1080
966	1956
966	731
966	735
966	6047
363	387522
363	30817
363	10682
363	7056
363	6541
363	390212
23524	2885
23524	8878
23524	6047
23524	7415
23524	3312
23524	8452
23524	7341
23524	4000
23524	1915
23524	8350
23524	1956
23524	4343
23524	9343
23524	4914
23524	326
23524	51816
23524	51547
23524	79012
7341	6047
7341	958
7341	7415
7341	7314
7341	60
7341	60468
7341	3312
7341	2740
7341	5702
7341	10892
7341	7520
7341	8349
7341	5371
7341	7341
7341	4792
7341	841
7341	1789
7341	3725
7341	216
7341	867
7341	5591
7341	330
7341	4790
7341	9343
7341	4000
7341	1915
7341	3326
7341	5426
7341	7175
7341	8350
7341	5728
7341	1080
7341	9948
7341	10549
7341	25939
7341	3106
10878	718
10878	7169
10878	10549
6714	2885
6714	2534
6714	81704
6714	5584
6714	9531
6714	7415
6714	7316
6714	7314
6714	6455
6714	7128
6714	60
6714	5594
6714	4179
6714	6452
6714	4792
6714	6774
6714	26525
6714	5698
6714	841
6714	5880
6714	4690
6714	998
6714	2017
6714	1398
6714	3326
6714	4790
6714	4067
6714	58
6714	2033
6714	5581
6714	5335
6714	867
6714	5336
6714	1606
6714	5580
6714	1956
6714	3106
6714	999
6714	2335
6714	6714
6714	7048
6714	326
6714	3717
6714	7412
6714	4914
6714	7094
1378	718
1378	712
1378	1915
1378	721
1378	1604
4688	60
4688	5594
4688	3312
4688	653361
4688	5880
4688	998
4688	5591
4688	5580
4688	3326
80342	9051
80342	115650
2335	2885
2335	2534
2335	29979
2335	718
2335	7415
2335	7314
2335	60
2335	1173
2335	23118
2335	3312
2335	714
2335	712
2335	7917
2335	7520
2335	10971
2335	6118
2335	716
2335	4000
2335	3725
2335	3326
2335	708
2335	1915
2335	5591
2335	7175
2335	1956
2335	7094
2335	2033
2335	7514
2335	5336
2335	9343
2335	3500
2335	2335
2335	5340
2335	7048
2335	735
2335	7334
2335	5345
2335	729
2335	27101
2335	63891
2335	51547
2335	7412
2335	1675
5594	2885
5594	8878
5594	7415
5594	2624
5594	2033
5594	841
5594	7175
5594	3725
5594	3106
5594	708
5594	891
5594	3717
5594	6774
5594	2017
5594	1956
5594	5581
5594	5580
5594	5594
5594	8350
5594	653361
5594	7412
5594	4067
5594	27101
5594	5371
5594	4851
5594	4914
5594	9343
27101	3725
27101	3326
27101	11274
27101	3106
27101	9343
27101	4914
27101	7412
27101	27101
27101	5896
27101	55612
7175	10482
7175	340061
7175	10971
7175	4000
7175	3725
7175	8350
7175	4790
7175	5591
7175	4914
7175	821
7175	7412
7175	51547
7175	120892
7175	9343
7175	1080
8907	841
8907	60468
8907	130340
8907	3916
8907	4914
8907	1956
8907	7514
8907	79621
8907	9343
5896	3836
5896	4690
5896	8349
5896	1398
5896	3326
5896	8350
5896	5335
5896	9730
5896	5897
5896	5896
84061	10482
84061	6047
84061	3725
84061	4343
84061	821
84061	26123
7316	2885
7316	8878
7316	329
7316	29979
7316	7415
7316	998
7316	4792
7316	1915
7316	3312
7316	5371
7316	5335
7316	3725
7316	841
7316	10892
7316	7048
7316	1080
7316	1956
7316	60
7316	7535
7316	23118
7316	867
7316	8349
7316	10616
7316	4851
7316	330
7316	5728
7316	999
7316	959
6891	6047
6891	5698
6891	811
6891	2923
6891	3106
6891	1080
6891	6892
6891	26123
6891	6891
3426	718
3426	4179
3426	2740
3426	1604
84876	29979
84876	84876
11269	7124
11269	718
11269	8452
11269	6774
11269	26525
11269	8349
11269	25913
11269	1915
11269	7514
11269	3500
63891	3846
63891	10482
63891	3312
63891	7917
63891	7520
63891	4000
63891	3326
63891	1915
63891	5371
63891	4790
63891	5591
63891	7094
63891	5422
63891	4067
63891	3717
63891	4343
63891	7334
63891	821
63891	2861
63891	1606
63891	729
63891	25939
220323	28755
7314	2885
7314	8878
7314	329
7314	29979
7314	7415
7314	4067
7314	4792
7314	3312
7314	10892
7314	60
7314	4914
7314	841
7314	1956
7314	7334
7314	3725
7314	1080
7314	23118
7314	4851
7314	8452
7314	7128
7314	6789
7314	7412
7314	326
7314	7520
7314	7314
7314	26525
4343	10682
4343	8878
4343	51061
4343	5702
4343	8452
4343	6774
4343	10542
4343	6118
4343	4000
4343	3725
4343	3326
4343	1915
4343	8350
4343	11274
4343	4860
4343	7094
4343	5422
4343	9343
4343	6892
4343	4914
4343	10549
4343	1080
4343	10488
4343	9948
4343	51547
4343	9730
4343	26123
7334	7124
7334	387522
7334	329
7334	6047
7334	9531
7334	7128
7334	10616
7334	10892
7334	2923
7334	9343
7334	330
7334	7412
7334	7334
9948	2885
9948	329
9948	10482
9948	6047
9948	9531
9948	60
9948	8452
9948	811
9948	821
9948	4914
9948	330
1675	718
1675	4851
1675	5340
1675	5345
1675	1675
329	7124
329	387522
329	10482
329	841
329	958
329	329
329	4792
329	7128
329	1956
329	843
329	959
329	4790
329	64127
329	330
329	998
329	64900
3587	3588
3587	3716
3587	3587
3587	867
3587	3717
7917	375791
7917	5199
7917	6047
7917	29979
7917	7415
7917	6449
7917	712
7917	2033
7917	867
7917	4914
7917	7094
7917	7412
7917	7917
7917	10542
7917	29851
958	10682
958	6541
958	6047
958	3312
958	867
958	7520
958	959
958	811
958	330
958	10758
958	9531
958	4790
958	958
958	340061
64900	7514
89781	3257
3312	2885
3312	5692
3312	6047
3312	5966
3312	9531
3312	7415
3312	60
3312	1173
3312	23118
3312	4790
3312	4792
3312	2923
3312	3326
3312	5684
3312	5591
3312	5702
3312	2861
3312	3312
3312	1956
3312	1080
3312	10971
3312	3717
3312	3725
3312	867
3312	6449
3312	7412
3312	8452
3312	1915
3312	120892
3312	1398
3312	999
3312	6789
3312	708
3312	5580
3312	6118
3312	326
3312	4914
3312	5728
3312	8350
3312	348
3312	2033
3312	9343
3312	5426
3312	7094
3312	653361
51061	10482
51061	55741
8547	8547
10616	7124
10616	387522
10616	90268
10616	7128
10616	10616
10616	4792
10616	23118
10616	330
10616	5371
10616	64127
10616	10892
6789	8878
6789	3561
6789	7520
6789	8349
6789	6789
6789	708
6789	3326
6789	7514
6789	4000
6789	6774
6789	10542
390212	387522
390212	10682
390212	6541
390212	6554
390212	731
390212	390212
10747	4153
10747	2220
10747	10747
3725	7124
3725	5692
3725	10482
3725	7415
3725	2624
3725	60
3725	1173
3725	5702
3725	7520
3725	7169
3725	10971
3725	6774
3725	811
3725	4000
3725	998
3725	2033
3725	3326
3725	5371
3725	708
3725	59
3725	10488
3725	3725
3725	5591
3725	891
3725	2923
3725	1915
3725	7514
3725	9343
3725	821
3725	10549
1173	2885
1173	60
1173	8349
1173	1956
1173	3916
1173	1173
1173	7048
1173	5591
1173	8452
1173	999
1173	1915
1173	7514
1173	1398
1173	7412
1173	2740
1173	120892
1173	9730
1173	130340
1173	9343
3717	2885
3717	2534
3717	7415
3717	3561
3717	4792
3717	6774
3717	4690
3717	50615
3717	3326
3717	4790
3717	1956
3717	4067
3717	5336
3717	5335
3717	867
3717	3717
3717	3716
3717	3588
4914	2885
4914	8878
4914	29979
4914	7415
4914	6455
4914	9319
4914	5702
4914	8452
4914	7520
4914	10971
4914	5426
4914	6774
4914	811
4914	3836
4914	5684
4914	4000
4914	2017
4914	1398
4914	3326
4914	708
4914	1915
4914	5371
4914	5591
4914	2923
4914	1956
4914	7094
4914	5422
4914	58
4914	7514
4914	4067
4914	5336
4914	5335
4914	867
4914	9343
4914	821
4914	3716
4914	4914
4914	730
4914	25939
4914	9730
4914	9652
4914	10427
4914	10549
638	30817
638	2542
638	10488
4790	5584
4790	5966
4790	7415
4790	7128
4790	60
4790	23118
4790	653361
4790	5702
4790	8452
4790	10892
4790	10971
4790	4792
4790	6774
4790	841
4790	3836
4790	3326
4790	708
4790	1915
4790	5371
4790	5591
4790	4851
4790	4790
4790	5580
4790	2033
4790	7514
4790	7412
4790	330
4790	64127
4790	59
9051	60
9051	4210
9051	9051
708	5966
708	23118
708	714
708	712
708	8452
708	7520
708	4000
708	3326
708	1915
708	5580
708	708
708	999
708	26123
708	1080
708	9343
708	8350
959	3500
959	959
959	330
5897	3836
5897	5591
5897	9730
25913	9531
25913	60
25913	216
25913	5591
25913	3326
25913	1398
25913	25913
1606	5336
1606	5335
26123	10682
26123	10482
26123	811
26123	2542
26123	5371
26123	2923
26123	821
6554	387522
6554	81494
6554	731
90268	7124
90268	7415
90268	1080
2542	2740
718	81494
718	5199
718	716
718	4179
718	718
718	1604
718	1080
2624	375791
2624	5371
2624	6774
2624	5684
2624	2033
2033	2885
2033	29979
2033	5966
2033	60
2033	7520
2033	4792
2033	6774
2033	8349
2033	2017
2033	1915
2033	8350
2033	5371
2033	5591
2033	4851
2033	59
2033	5580
2033	2033
2033	5340
2033	10549
2033	999
2033	58
2033	10488
2033	891
6578	2885
5692	5698
5692	5702
5692	51371
5692	5684
5692	3106
5692	9531
5692	1915
5692	1080
5692	5692
714	712
714	714
4210	10971
4210	4210
4210	114548
729	2885
729	2534
729	4690
387522	10892
387522	23118
387522	841
387522	10971
387522	10758
387522	6047
387522	330
387522	29979
387522	51371
10682	7056
10682	10682
10682	10482
10682	10488
10682	2740
10682	6047
6455	2534
6455	6455
6455	999
6455	811
6455	5371
6455	120892
6455	9343
5994	8350
712	29979
712	6449
712	716
5426	7520
5426	891
5426	6118
5426	5422
5426	51547
5426	120892
3836	8452
3836	6774
3836	4000
3836	1956
3836	8349
3836	9343
721	4179
721	1915
9343	2885
9343	6047
9343	9531
9343	7415
9343	9319
9343	60
9343	5702
9343	8452
9343	7520
9343	10971
9343	6774
9343	5684
9343	6118
9343	4000
9343	3326
9343	1915
9343	5591
9343	2923
9343	7094
9343	5422
9343	58
9343	326
9343	9343
9343	821
9343	10549
9343	7412
9343	120892
10892	8878
10892	7128
10892	23118
10892	10892
10892	5580
10892	841
10892	4792
10892	7514
10892	330
5880	50619
5880	60
5880	998
5880	5336
5880	1080
5880	7412
5880	5880
7520	6047
7520	8452
7520	5591
7520	7520
7520	999
7520	5422
7520	867
7520	5684
7520	1080
7520	6118
7520	1956
7520	7412
7520	8350
7520	326
7520	51547
7520	25939
6892	10482
6892	811
6892	2923
6892	3106
6892	821
6047	6541
6047	8878
6047	9319
6047	29979
6047	60
6047	867
6047	5591
6047	2923
6047	821
6047	811
6047	3326
6047	7514
6047	23118
6047	8350
6047	7415
6047	6047
6047	5371
6047	4179
6047	4000
6047	6774
6047	9730
6047	3916
6047	3106
6047	998
7124	5966
7124	7124
7124	4067
7124	7169
7124	3716
7124	841
7124	4792
7124	1915
7124	998
7124	23118
7124	7128
7124	330
7124	2534
7124	10971
7124	29851
7124	60
7124	4000
120892	8878
120892	9531
120892	60
120892	7169
120892	10971
120892	841
120892	4000
120892	998
120892	3326
120892	1915
120892	8350
120892	5371
120892	5591
120892	58
120892	7535
120892	59
120892	25939
120892	120892
5698	5702
5698	51371
5698	5684
5698	5698
3588	867
3588	3716
4851	8878
4851	5966
4851	8452
4851	3916
4851	998
4851	3326
4851	5591
4851	867
4851	4851
4851	5580
4851	999
330	5966
330	7128
330	841
330	1956
330	330
330	843
330	64127
3846	375791
3846	2740
3846	1776
3846	3846
3846	101060226
3846	9841
5371	8878
5371	8452
5371	6774
5371	5684
5371	4000
5371	5371
5371	7048
5371	5335
5371	3716
5371	1956
57217	128866
57217	999
57217	79012
60	2885
60	7415
60	60
60	4067
60	1915
60	3326
60	4000
60	5580
60	653361
60	6118
60	7169
60	867
60	5684
60	8452
60	5340
60	1080
60	10971
60	1956
60	1398
60	7412
60	25939
5340	730
5340	5345
5340	5340
5340	10549
55741	821
4179	4179
64127	8878
64127	7415
64127	7128
64127	128866
64127	4000
64127	22861
64127	64127
23118	3326
23118	23118
23118	7514
23118	11274
9652	9319
9652	8452
9652	1956
9652	7094
9652	51547
9652	55612
326	2885
326	2534
326	4690
326	8349
326	1398
326	3326
326	8350
326	5591
326	7514
326	5335
326	326
1398	2885
1398	2534
1398	9531
1398	10971
1398	4690
1398	4000
1398	1956
1398	7535
1398	867
1398	3106
1398	7514
1398	5580
1398	999
1398	1915
1398	3326
1398	1398
9531	2885
9531	6541
9531	81704
9531	375791
9531	8878
9531	10482
9531	5335
9531	5591
9531	5684
9531	10971
9531	5702
9531	3326
9531	9531
9531	1080
9531	999
7128	8878
7128	10482
7128	7128
7128	841
7128	3916
7128	8452
7128	3326
7128	10971
29851	29851
891	8878
891	29979
891	7415
891	6118
891	5591
891	5422
891	7514
891	999
891	7048
891	891
54	811
54	6118
54	2923
54	821
54	54
999	2534
999	841
999	4690
999	128866
999	4000
999	998
999	2017
999	3326
999	1915
999	8350
999	1956
999	7094
999	5728
999	867
999	1080
999	999
999	55612
999	10427
1956	2885
1956	5584
1956	10971
1956	6774
1956	811
1956	5684
1956	6118
1956	4690
1956	3916
1956	4000
1956	2017
1956	3326
1956	1915
1956	8350
1956	5591
1956	2923
1956	4067
1956	58
1956	5581
1956	5335
1956	5336
1956	5580
1956	7535
1956	7094
1956	1956
1956	867
1956	821
1956	3716
1956	1080
1956	7514
1956	59
1956	3500
1956	25939
1956	5728
1956	3106
1130	10971
3561	2885
3561	3716
3561	3561
114548	114548
22861	8452
22861	22861
9841	60468
7535	2885
7535	2534
7535	50619
7535	6452
7535	4690
7535	5336
7535	5335
7535	867
7535	7535
7535	919
841	2534
841	5584
841	8878
841	8452
841	4067
841	841
841	843
841	5728
5702	10482
5702	5702
5702	5684
5702	1080
5702	51547
5702	51371
29979	10482
29979	29979
29979	7415
10488	81494
10488	716
10488	4000
10488	10488
10488	55315
7514	5584
7514	8878
7514	10482
7514	5966
7514	6452
7514	4792
7514	3326
7514	1080
7514	7514
7514	867
7514	7412
7514	51547
7514	55612
7514	10427
811	5551
811	7415
811	4153
811	7169
811	2923
811	3106
811	821
811	811
811	5684
811	51547
811	3326
811	1080
25939	8452
25939	1915
25939	1080
25939	9730
25939	25939
8878	5584
8878	8878
8878	5966
8878	5580
8878	8452
8878	1080
8878	10482
7056	4000
5966	2885
5966	50619
5966	26525
5966	4792
5966	5966
1789	8452
1789	8350
7412	2885
7412	7415
7412	5684
7412	128866
7412	4000
7412	3326
7412	1915
7412	4860
7412	5591
7412	7094
7412	5580
7412	867
7412	348
7412	3500
7412	7412
10542	10482
10542	1915
10542	735
7415	2885
7415	4792
7415	7415
7415	3106
7415	1080
7415	5591
7415	5580
7415	5684
7415	8452
7415	821
7415	919
7415	3326
7415	6118
7415	10971
7415	51547
7415	4000
7415	128866
115650	10758
115650	115650
5591	2885
5591	653361
5591	8452
5591	10971
5591	6118
5591	4000
5591	3326
5591	1915
5591	8350
5591	4067
5591	1080
5591	5580
5591	5591
5591	9730
5591	51547
58	2885
58	7169
58	2017
58	7094
58	5581
58	58
58	5580
58	867
58	919
1604	2534
1604	1604
4153	4153
4153	2220
4000	30817
4000	2885
4000	81494
4000	6541
4000	5584
4000	10482
4000	8452
4000	10971
4000	6118
4000	128866
4000	5581
4000	4000
4000	5580
4000	1080
4000	867
4000	8349
4000	2017
4000	8350
4000	51547
60468	10482
4792	5584
4792	4792
4792	5580
9319	5199
9319	9319
9319	8452
9319	6449
55612	3916
55612	79621
51371	2885
51371	5684
51371	51371
51371	821
919	2885
919	2534
919	1776
919	4690
919	3326
919	867
919	821
919	919
9730	8350
9730	9730
9730	51547
7094	10482
7094	10971
7094	8349
7094	867
7094	51547
7094	10549
4067	2885
4067	2534
4067	81704
4067	6774
4067	3326
4067	5336
4067	5580
4067	5335
4067	867
4067	4067
998	2885
998	81704
998	5584
998	50619
998	3916
998	998
998	1915
998	867
998	7048
998	2017
5728	653361
5728	3326
5728	867
5728	5728
7048	867
7048	3716
7048	7048
8452	2885
8452	10482
8452	1915
8452	8349
8452	8452
8452	3326
8452	10971
8452	10549
8452	10427
8452	59
8452	821
8452	2017
8452	6118
731	6541
731	735
5551	375791
5551	101060226
5551	5551
2885	5336
2885	4690
2885	2885
2885	2017
2885	1915
2885	7169
2885	3716
2885	867
2885	6452
2885	8350
2885	3326
2885	5335
2885	2534
2885	10971
653361	5580
653361	653361
653361	2017
653361	59
653361	3326
867	2534
867	6449
867	6452
867	10971
867	6774
867	4690
867	2017
867	50615
867	1915
867	5335
867	867
867	1080
867	3716
821	5584
821	6118
821	4690
821	128866
821	2923
821	5581
821	5580
821	1080
821	10549
821	51547
821	5345
821	821
821	10427
2923	6774
2923	2923
2923	3106
2923	10549
2923	1080
5684	10971
5684	5684
5684	1915
5684	1080
5684	3326
5422	10482
5422	6118
5422	8350
5422	5422
5422	51547
5199	375791
101060226	375791
101060226	2740
51547	10482
51547	8349
51547	8350
51547	4860
51547	10549
51547	51547
348	348
348	735
6118	5584
6118	7169
6118	6774
6118	1915
6118	2017
6118	59
92579	2861
10427	3916
10427	5335
2534	5581
2534	5335
2534	6774
2534	4690
2534	5336
2534	5580
2534	2534
2534	6452
2534	3716
2534	3326
2534	5584
2740	375791
2740	2861
375791	1776
375791	375791
3106	6449
3106	4860
3106	3106
5584	1915
5584	1080
5584	3326
10482	10482
10482	5335
10482	10549
10482	1915
10482	3326
10482	6449
10482	6774
10482	11274
10482	4860
10482	2861
10549	10549
5336	6452
5336	5335
5336	3716
5336	5336
6452	2017
6452	5335
6452	10971
6452	6774
50615	3716
843	843
10758	10758
81704	81704
5581	6774
5581	3326
5581	1915
5581	5581
5581	1080
128866	128866
5335	7169
5335	4690
5335	1915
5335	5580
5335	5335
5335	3716
1915	10971
1915	8349
1915	3326
1915	1915
1915	5580
1915	8350
10971	10971
10971	59
10971	79621
3500	3500
7169	7169
7169	1080
6774	340061
6774	3326
6774	3716
6774	5580
6774	6774
340061	11274
340061	340061
6449	6449
6449	3326
6449	11274
216	216
2017	2017
79012	3326
3716	3326
3716	1080
3716	3716
1776	8349
3326	3326
3326	1080
3326	5580
5345	5345
1080	3916
1080	5580
1080	1080
8350	8349
8350	79621
8350	8350
59	5580
716	716
4860	4860
2861	2861
5580	5580