0 2
0 4
0 7
0 8
0 9
0 10
0 12
0 15
0 20
0 24
0 25
0 26
0 27
1 3
1 14
1 21
1 22
1 28
1 29
2 4
2 6
2 7
2 8
2 12
2 13
2 15
2 16
2 17
2 20
2 21
2 23
2 24
2 26
2 27
2 28
2 29
3 13
3 21
3 22
3 28
4 5
4 7
4 8
4 9
4 12
4 16
4 18
4 20
4 22
4 25
4 26
4 28
4 29
5 9
5 18
5 19
5 21
5 22
5 24
5 25
5 28
5 29
6 8
6 13
6 15
6 16
6 20
6 21
6 23
6 24
6 27
7 8
7 9
7 12
7 16
7 20
7 22
7 25
7 26
7 28
7 29
8 10
8 12
8 15
8 16
8 17
8 20
8 21
8 23
8 26
8 27
8 28
8 29
9 12
9 18
9 22
9 25
9 26
9 29
10 12
10 15
10 26
10 27
11 19
11 24
12 16
12 20
12 23
12 26
12 27
12 29
13 15
13 21
13 24
13 27
13 28
14 22
14 28
14 29
15 16
15 20
15 21
15 23
15 24
15 27
16 17
16 20
16 21
16 23
16 26
16 27
16 28
16 29
17 20
17 21
17 23
17 28
17 29
18 19
18 22
18 24
18 25
18 28
19 22
19 24
20 21
20 23
20 26
20 27
20 28
20 29
21 22
21 23
21 24
21 27
21 28
21 29
22 24
22 28
22 29
23 27
23 28
23 29
24 27
24 28
25 26
26 29
28 29
