0 25
0 5
0 1
1 26
1 6
1 2
2 27
2 7
2 3
3 28
3 8
3 4
4 29
4 9
5 30
5 10
5 6
6 31
6 11
6 7
7 32
7 12
7 8
8 33
8 13
8 9
9 34
9 14
10 35
10 15
10 11
11 36
11 16
11 12
12 37
12 17
12 13
13 38
13 18
13 14
14 39
14 19
15 40
15 20
15 16
16 41
16 21
16 17
17 42
17 22
17 18
18 43
18 23
18 19
19 44
19 24
20 45
20 21
21 46
21 22
22 47
22 23
23 48
23 24
24 49
25 50
25 30
25 26
26 51
26 31
26 27
27 52
27 32
27 28
28 53
28 33
28 29
29 54
29 34
30 55
30 35
30 31
31 56
31 36
31 32
32 57
32 37
32 33
33 58
33 38
33 34
34 59
34 39
35 60
35 40
35 36
36 61
36 41
36 37
37 62
37 42
37 38
38 63
38 43
38 39
39 64
39 44
40 65
40 45
40 41
41 66
41 46
41 42
42 67
42 47
42 43
43 68
43 48
43 44
44 69
44 49
45 70
45 46
46 71
46 47
47 72
47 48
48 73
48 49
49 74
50 75
50 55
50 51
51 76
51 56
51 52
52 77
52 57
52 53
53 78
53 58
53 54
54 79
54 59
55 80
55 60
55 56
56 81
56 61
56 57
57 82
57 62
57 58
58 83
58 63
58 59
59 84
59 64
60 85
60 65
60 61
61 86
61 66
61 62
62 87
62 67
62 63
63 88
63 68
63 64
64 89
64 69
65 90
65 70
65 66
66 91
66 71
66 67
67 92
67 72
67 68
68 93
68 73
68 69
69 94
69 74
70 95
70 71
71 96
71 72
72 97
72 73
73 98
73 74
74 99
75 100
75 80
75 76
76 101
76 81
76 77
77 102
77 82
77 78
78 103
78 83
78 79
79 104
79 84
80 105
80 85
80 81
81 106
81 86
81 82
82 107
82 87
82 83
83 108
83 88
83 84
84 109
84 89
85 110
85 90
85 86
86 111
86 91
86 87
87 112
87 92
87 88
88 113
88 93
88 89
89 114
89 94
90 115
90 95
90 91
91 116
91 96
91 92
92 117
92 97
92 93
93 118
93 98
93 94
94 119
94 99
95 120
95 96
96 121
96 97
97 122
97 98
98 123
98 99
99 124
100 105
100 101
101 106
101 102
102 107
102 103
103 108
103 104
104 109
105 110
105 106
106 111
106 107
107 112
107 108
108 113
108 109
109 114
110 115
110 111
111 116
111 112
112 117
112 113
113 118
113 114
114 119
115 120
115 116
116 121
116 117
117 122
117 118
118 123
118 119
119 124
120 121
121 122
122 123
123 124
