0 24
0 1
0 1128
0 23
1 25
1 2
1 1129
2 26
2 3
2 1130
3 27
3 4
3 1131
4 28
4 5
4 1132
5 29
5 6
5 1133
6 30
6 7
6 1134
7 31
7 8
7 1135
8 32
8 9
8 1136
9 33
9 10
9 1137
10 34
10 11
10 1138
11 35
11 12
11 1139
12 36
12 13
12 1140
13 37
13 14
13 1141
14 38
14 15
14 1142
15 39
15 16
15 1143
16 40
16 17
16 1144
17 41
17 18
17 1145
18 42
18 19
18 1146
19 43
19 20
19 1147
20 44
20 21
20 1148
21 45
21 22
21 1149
22 46
22 23
22 1150
23 47
23 1151
24 48
24 25
24 47
25 49
25 26
26 50
26 27
27 51
27 28
28 52
28 29
29 53
29 30
30 54
30 31
31 55
31 32
32 56
32 33
33 57
33 34
34 58
34 35
35 59
35 36
36 60
36 37
37 61
37 38
38 62
38 39
39 63
39 40
40 64
40 41
41 65
41 42
42 66
42 43
43 67
43 44
44 68
44 45
45 69
45 46
46 70
46 47
47 71
48 72
48 49
48 71
49 73
49 50
50 74
50 51
51 75
51 52
52 76
52 53
53 77
53 54
54 78
54 55
55 79
55 56
56 80
56 57
57 81
57 58
58 82
58 59
59 83
59 60
60 84
60 61
61 85
61 62
62 86
62 63
63 87
63 64
64 88
64 65
65 89
65 66
66 90
66 67
67 91
67 68
68 92
68 69
69 93
69 70
70 94
70 71
71 95
72 96
72 73
72 95
73 97
73 74
74 98
74 75
75 99
75 76
76 100
76 77
77 101
77 78
78 102
78 79
79 103
79 80
80 104
80 81
81 105
81 82
82 106
82 83
83 107
83 84
84 108
84 85
85 109
85 86
86 110
86 87
87 111
87 88
88 112
88 89
89 113
89 90
90 114
90 91
91 115
91 92
92 116
92 93
93 117
93 94
94 118
94 95
95 119
96 120
96 97
96 119
97 121
97 98
98 122
98 99
99 123
99 100
100 124
100 101
101 125
101 102
102 126
102 103
103 127
103 104
104 128
104 105
105 129
105 106
106 130
106 107
107 131
107 108
108 132
108 109
109 133
109 110
110 134
110 111
111 135
111 112
112 136
112 113
113 137
113 114
114 138
114 115
115 139
115 116
116 140
116 117
117 141
117 118
118 142
118 119
119 143
120 144
120 121
120 143
121 145
121 122
122 146
122 123
123 147
123 124
124 148
124 125
125 149
125 126
126 150
126 127
127 151
127 128
128 152
128 129
129 153
129 130
130 154
130 131
131 155
131 132
132 156
132 133
133 157
133 134
134 158
134 135
135 159
135 136
136 160
136 137
137 161
137 138
138 162
138 139
139 163
139 140
140 164
140 141
141 165
141 142
142 166
142 143
143 167
144 168
144 145
144 167
145 169
145 146
146 170
146 147
147 171
147 148
148 172
148 149
149 173
149 150
150 174
150 151
151 175
151 152
152 176
152 153
153 177
153 154
154 178
154 155
155 179
155 156
156 180
156 157
157 181
157 158
158 182
158 159
159 183
159 160
160 184
160 161
161 185
161 162
162 186
162 163
163 187
163 164
164 188
164 165
165 189
165 166
166 190
166 167
167 191
168 192
168 169
168 191
169 193
169 170
170 194
170 171
171 195
171 172
172 196
172 173
173 197
173 174
174 198
174 175
175 199
175 176
176 200
176 177
177 201
177 178
178 202
178 179
179 203
179 180
180 204
180 181
181 205
181 182
182 206
182 183
183 207
183 184
184 208
184 185
185 209
185 186
186 210
186 187
187 211
187 188
188 212
188 189
189 213
189 190
190 214
190 191
191 215
192 216
192 193
192 215
193 217
193 194
194 218
194 195
195 219
195 196
196 220
196 197
197 221
197 198
198 222
198 199
199 223
199 200
200 224
200 201
201 225
201 202
202 226
202 203
203 227
203 204
204 228
204 205
205 229
205 206
206 230
206 207
207 231
207 208
208 232
208 209
209 233
209 210
210 234
210 211
211 235
211 212
212 236
212 213
213 237
213 214
214 238
214 215
215 239
216 240
216 217
216 239
217 241
217 218
218 242
218 219
219 243
219 220
220 244
220 221
221 245
221 222
222 246
222 223
223 247
223 224
224 248
224 225
225 249
225 226
226 250
226 227
227 251
227 228
228 252
228 229
229 253
229 230
230 254
230 231
231 255
231 232
232 256
232 233
233 257
233 234
234 258
234 235
235 259
235 236
236 260
236 237
237 261
237 238
238 262
238 239
239 263
240 264
240 241
240 263
241 265
241 242
242 266
242 243
243 267
243 244
244 268
244 245
245 269
245 246
246 270
246 247
247 271
247 248
248 272
248 249
249 273
249 250
250 274
250 251
251 275
251 252
252 276
252 253
253 277
253 254
254 278
254 255
255 279
255 256
256 280
256 257
257 281
257 258
258 282
258 259
259 283
259 260
260 284
260 261
261 285
261 262
262 286
262 263
263 287
264 288
264 265
264 287
265 289
265 266
266 290
266 267
267 291
267 268
268 292
268 269
269 293
269 270
270 294
270 271
271 295
271 272
272 296
272 273
273 297
273 274
274 298
274 275
275 299
275 276
276 300
276 277
277 301
277 278
278 302
278 279
279 303
279 280
280 304
280 281
281 305
281 282
282 306
282 283
283 307
283 284
284 308
284 285
285 309
285 286
286 310
286 287
287 311
288 312
288 289
288 311
289 313
289 290
290 314
290 291
291 315
291 292
292 316
292 293
293 317
293 294
294 318
294 295
295 319
295 296
296 320
296 297
297 321
297 298
298 322
298 299
299 323
299 300
300 324
300 301
301 325
301 302
302 326
302 303
303 327
303 304
304 328
304 305
305 329
305 306
306 330
306 307
307 331
307 308
308 332
308 309
309 333
309 310
310 334
310 311
311 335
312 336
312 313
312 335
313 337
313 314
314 338
314 315
315 339
315 316
316 340
316 317
317 341
317 318
318 342
318 319
319 343
319 320
320 344
320 321
321 345
321 322
322 346
322 323
323 347
323 324
324 348
324 325
325 349
325 326
326 350
326 327
327 351
327 328
328 352
328 329
329 353
329 330
330 354
330 331
331 355
331 332
332 356
332 333
333 357
333 334
334 358
334 335
335 359
336 360
336 337
336 359
337 361
337 338
338 362
338 339
339 363
339 340
340 364
340 341
341 365
341 342
342 366
342 343
343 367
343 344
344 368
344 345
345 369
345 346
346 370
346 347
347 371
347 348
348 372
348 349
349 373
349 350
350 374
350 351
351 375
351 352
352 376
352 353
353 377
353 354
354 378
354 355
355 379
355 356
356 380
356 357
357 381
357 358
358 382
358 359
359 383
360 384
360 361
360 383
361 385
361 362
362 386
362 363
363 387
363 364
364 388
364 365
365 389
365 366
366 390
366 367
367 391
367 368
368 392
368 369
369 393
369 370
370 394
370 371
371 395
371 372
372 396
372 373
373 397
373 374
374 398
374 375
375 399
375 376
376 400
376 377
377 401
377 378
378 402
378 379
379 403
379 380
380 404
380 381
381 405
381 382
382 406
382 383
383 407
384 408
384 385
384 407
385 409
385 386
386 410
386 387
387 411
387 388
388 412
388 389
389 413
389 390
390 414
390 391
391 415
391 392
392 416
392 393
393 417
393 394
394 418
394 395
395 419
395 396
396 420
396 397
397 421
397 398
398 422
398 399
399 423
399 400
400 424
400 401
401 425
401 402
402 426
402 403
403 427
403 404
404 428
404 405
405 429
405 406
406 430
406 407
407 431
408 432
408 409
408 431
409 433
409 410
410 434
410 411
411 435
411 412
412 436
412 413
413 437
413 414
414 438
414 415
415 439
415 416
416 440
416 417
417 441
417 418
418 442
418 419
419 443
419 420
420 444
420 421
421 445
421 422
422 446
422 423
423 447
423 424
424 448
424 425
425 449
425 426
426 450
426 427
427 451
427 428
428 452
428 429
429 453
429 430
430 454
430 431
431 455
432 456
432 433
432 455
433 457
433 434
434 458
434 435
435 459
435 436
436 460
436 437
437 461
437 438
438 462
438 439
439 463
439 440
440 464
440 441
441 465
441 442
442 466
442 443
443 467
443 444
444 468
444 445
445 469
445 446
446 470
446 447
447 471
447 448
448 472
448 449
449 473
449 450
450 474
450 451
451 475
451 452
452 476
452 453
453 477
453 454
454 478
454 455
455 479
456 480
456 457
456 479
457 481
457 458
458 482
458 459
459 483
459 460
460 484
460 461
461 485
461 462
462 486
462 463
463 487
463 464
464 488
464 465
465 489
465 466
466 490
466 467
467 491
467 468
468 492
468 469
469 493
469 470
470 494
470 471
471 495
471 472
472 496
472 473
473 497
473 474
474 498
474 475
475 499
475 476
476 500
476 477
477 501
477 478
478 502
478 479
479 503
480 504
480 481
480 503
481 505
481 482
482 506
482 483
483 507
483 484
484 508
484 485
485 509
485 486
486 510
486 487
487 511
487 488
488 512
488 489
489 513
489 490
490 514
490 491
491 515
491 492
492 516
492 493
493 517
493 494
494 518
494 495
495 519
495 496
496 520
496 497
497 521
497 498
498 522
498 499
499 523
499 500
500 524
500 501
501 525
501 502
502 526
502 503
503 527
504 528
504 505
504 527
505 529
505 506
506 530
506 507
507 531
507 508
508 532
508 509
509 533
509 510
510 534
510 511
511 535
511 512
512 536
512 513
513 537
513 514
514 538
514 515
515 539
515 516
516 540
516 517
517 541
517 518
518 542
518 519
519 543
519 520
520 544
520 521
521 545
521 522
522 546
522 523
523 547
523 524
524 548
524 525
525 549
525 526
526 550
526 527
527 551
528 552
528 529
528 551
529 553
529 530
530 554
530 531
531 555
531 532
532 556
532 533
533 557
533 534
534 558
534 535
535 559
535 536
536 560
536 537
537 561
537 538
538 562
538 539
539 563
539 540
540 564
540 541
541 565
541 542
542 566
542 543
543 567
543 544
544 568
544 545
545 569
545 546
546 570
546 547
547 571
547 548
548 572
548 549
549 573
549 550
550 574
550 551
551 575
552 576
552 553
552 575
553 577
553 554
554 578
554 555
555 579
555 556
556 580
556 557
557 581
557 558
558 582
558 559
559 583
559 560
560 584
560 561
561 585
561 562
562 586
562 563
563 587
563 564
564 588
564 565
565 589
565 566
566 590
566 567
567 591
567 568
568 592
568 569
569 593
569 570
570 594
570 571
571 595
571 572
572 596
572 573
573 597
573 574
574 598
574 575
575 599
576 600
576 577
576 599
577 601
577 578
578 602
578 579
579 603
579 580
580 604
580 581
581 605
581 582
582 606
582 583
583 607
583 584
584 608
584 585
585 609
585 586
586 610
586 587
587 611
587 588
588 612
588 589
589 613
589 590
590 614
590 591
591 615
591 592
592 616
592 593
593 617
593 594
594 618
594 595
595 619
595 596
596 620
596 597
597 621
597 598
598 622
598 599
599 623
600 624
600 601
600 623
601 625
601 602
602 626
602 603
603 627
603 604
604 628
604 605
605 629
605 606
606 630
606 607
607 631
607 608
608 632
608 609
609 633
609 610
610 634
610 611
611 635
611 612
612 636
612 613
613 637
613 614
614 638
614 615
615 639
615 616
616 640
616 617
617 641
617 618
618 642
618 619
619 643
619 620
620 644
620 621
621 645
621 622
622 646
622 623
623 647
624 648
624 625
624 647
625 649
625 626
626 650
626 627
627 651
627 628
628 652
628 629
629 653
629 630
630 654
630 631
631 655
631 632
632 656
632 633
633 657
633 634
634 658
634 635
635 659
635 636
636 660
636 637
637 661
637 638
638 662
638 639
639 663
639 640
640 664
640 641
641 665
641 642
642 666
642 643
643 667
643 644
644 668
644 645
645 669
645 646
646 670
646 647
647 671
648 672
648 649
648 671
649 673
649 650
650 674
650 651
651 675
651 652
652 676
652 653
653 677
653 654
654 678
654 655
655 679
655 656
656 680
656 657
657 681
657 658
658 682
658 659
659 683
659 660
660 684
660 661
661 685
661 662
662 686
662 663
663 687
663 664
664 688
664 665
665 689
665 666
666 690
666 667
667 691
667 668
668 692
668 669
669 693
669 670
670 694
670 671
671 695
672 696
672 673
672 695
673 697
673 674
674 698
674 675
675 699
675 676
676 700
676 677
677 701
677 678
678 702
678 679
679 703
679 680
680 704
680 681
681 705
681 682
682 706
682 683
683 707
683 684
684 708
684 685
685 709
685 686
686 710
686 687
687 711
687 688
688 712
688 689
689 713
689 690
690 714
690 691
691 715
691 692
692 716
692 693
693 717
693 694
694 718
694 695
695 719
696 720
696 697
696 719
697 721
697 698
698 722
698 699
699 723
699 700
700 724
700 701
701 725
701 702
702 726
702 703
703 727
703 704
704 728
704 705
705 729
705 706
706 730
706 707
707 731
707 708
708 732
708 709
709 733
709 710
710 734
710 711
711 735
711 712
712 736
712 713
713 737
713 714
714 738
714 715
715 739
715 716
716 740
716 717
717 741
717 718
718 742
718 719
719 743
720 744
720 721
720 743
721 745
721 722
722 746
722 723
723 747
723 724
724 748
724 725
725 749
725 726
726 750
726 727
727 751
727 728
728 752
728 729
729 753
729 730
730 754
730 731
731 755
731 732
732 756
732 733
733 757
733 734
734 758
734 735
735 759
735 736
736 760
736 737
737 761
737 738
738 762
738 739
739 763
739 740
740 764
740 741
741 765
741 742
742 766
742 743
743 767
744 768
744 745
744 767
745 769
745 746
746 770
746 747
747 771
747 748
748 772
748 749
749 773
749 750
750 774
750 751
751 775
751 752
752 776
752 753
753 777
753 754
754 778
754 755
755 779
755 756
756 780
756 757
757 781
757 758
758 782
758 759
759 783
759 760
760 784
760 761
761 785
761 762
762 786
762 763
763 787
763 764
764 788
764 765
765 789
765 766
766 790
766 767
767 791
768 792
768 769
768 791
769 793
769 770
770 794
770 771
771 795
771 772
772 796
772 773
773 797
773 774
774 798
774 775
775 799
775 776
776 800
776 777
777 801
777 778
778 802
778 779
779 803
779 780
780 804
780 781
781 805
781 782
782 806
782 783
783 807
783 784
784 808
784 785
785 809
785 786
786 810
786 787
787 811
787 788
788 812
788 789
789 813
789 790
790 814
790 791
791 815
792 816
792 793
792 815
793 817
793 794
794 818
794 795
795 819
795 796
796 820
796 797
797 821
797 798
798 822
798 799
799 823
799 800
800 824
800 801
801 825
801 802
802 826
802 803
803 827
803 804
804 828
804 805
805 829
805 806
806 830
806 807
807 831
807 808
808 832
808 809
809 833
809 810
810 834
810 811
811 835
811 812
812 836
812 813
813 837
813 814
814 838
814 815
815 839
816 840
816 817
816 839
817 841
817 818
818 842
818 819
819 843
819 820
820 844
820 821
821 845
821 822
822 846
822 823
823 847
823 824
824 848
824 825
825 849
825 826
826 850
826 827
827 851
827 828
828 852
828 829
829 853
829 830
830 854
830 831
831 855
831 832
832 856
832 833
833 857
833 834
834 858
834 835
835 859
835 836
836 860
836 837
837 861
837 838
838 862
838 839
839 863
840 864
840 841
840 863
841 865
841 842
842 866
842 843
843 867
843 844
844 868
844 845
845 869
845 846
846 870
846 847
847 871
847 848
848 872
848 849
849 873
849 850
850 874
850 851
851 875
851 852
852 876
852 853
853 877
853 854
854 878
854 855
855 879
855 856
856 880
856 857
857 881
857 858
858 882
858 859
859 883
859 860
860 884
860 861
861 885
861 862
862 886
862 863
863 887
864 888
864 865
864 887
865 889
865 866
866 890
866 867
867 891
867 868
868 892
868 869
869 893
869 870
870 894
870 871
871 895
871 872
872 896
872 873
873 897
873 874
874 898
874 875
875 899
875 876
876 900
876 877
877 901
877 878
878 902
878 879
879 903
879 880
880 904
880 881
881 905
881 882
882 906
882 883
883 907
883 884
884 908
884 885
885 909
885 886
886 910
886 887
887 911
888 912
888 889
888 911
889 913
889 890
890 914
890 891
891 915
891 892
892 916
892 893
893 917
893 894
894 918
894 895
895 919
895 896
896 920
896 897
897 921
897 898
898 922
898 899
899 923
899 900
900 924
900 901
901 925
901 902
902 926
902 903
903 927
903 904
904 928
904 905
905 929
905 906
906 930
906 907
907 931
907 908
908 932
908 909
909 933
909 910
910 934
910 911
911 935
912 936
912 913
912 935
913 937
913 914
914 938
914 915
915 939
915 916
916 940
916 917
917 941
917 918
918 942
918 919
919 943
919 920
920 944
920 921
921 945
921 922
922 946
922 923
923 947
923 924
924 948
924 925
925 949
925 926
926 950
926 927
927 951
927 928
928 952
928 929
929 953
929 930
930 954
930 931
931 955
931 932
932 956
932 933
933 957
933 934
934 958
934 935
935 959
936 960
936 937
936 959
937 961
937 938
938 962
938 939
939 963
939 940
940 964
940 941
941 965
941 942
942 966
942 943
943 967
943 944
944 968
944 945
945 969
945 946
946 970
946 947
947 971
947 948
948 972
948 949
949 973
949 950
950 974
950 951
951 975
951 952
952 976
952 953
953 977
953 954
954 978
954 955
955 979
955 956
956 980
956 957
957 981
957 958
958 982
958 959
959 983
960 984
960 961
960 983
961 985
961 962
962 986
962 963
963 987
963 964
964 988
964 965
965 989
965 966
966 990
966 967
967 991
967 968
968 992
968 969
969 993
969 970
970 994
970 971
971 995
971 972
972 996
972 973
973 997
973 974
974 998
974 975
975 999
975 976
976 1000
976 977
977 1001
977 978
978 1002
978 979
979 1003
979 980
980 1004
980 981
981 1005
981 982
982 1006
982 983
983 1007
984 1008
984 985
984 1007
985 1009
985 986
986 1010
986 987
987 1011
987 988
988 1012
988 989
989 1013
989 990
990 1014
990 991
991 1015
991 992
992 1016
992 993
993 1017
993 994
994 1018
994 995
995 1019
995 996
996 1020
996 997
997 1021
997 998
998 1022
998 999
999 1023
999 1000
1000 1024
1000 1001
1001 1025
1001 1002
1002 1026
1002 1003
1003 1027
1003 1004
1004 1028
1004 1005
1005 1029
1005 1006
1006 1030
1006 1007
1007 1031
1008 1032
1008 1009
1008 1031
1009 1033
1009 1010
1010 1034
1010 1011
1011 1035
1011 1012
1012 1036
1012 1013
1013 1037
1013 1014
1014 1038
1014 1015
1015 1039
1015 1016
1016 1040
1016 1017
1017 1041
1017 1018
1018 1042
1018 1019
1019 1043
1019 1020
1020 1044
1020 1021
1021 1045
1021 1022
1022 1046
1022 1023
1023 1047
1023 1024
1024 1048
1024 1025
1025 1049
1025 1026
1026 1050
1026 1027
1027 1051
1027 1028
1028 1052
1028 1029
1029 1053
1029 1030
1030 1054
1030 1031
1031 1055
1032 1056
1032 1033
1032 1055
1033 1057
1033 1034
1034 1058
1034 1035
1035 1059
1035 1036
1036 1060
1036 1037
1037 1061
1037 1038
1038 1062
1038 1039
1039 1063
1039 1040
1040 1064
1040 1041
1041 1065
1041 1042
1042 1066
1042 1043
1043 1067
1043 1044
1044 1068
1044 1045
1045 1069
1045 1046
1046 1070
1046 1047
1047 1071
1047 1048
1048 1072
1048 1049
1049 1073
1049 1050
1050 1074
1050 1051
1051 1075
1051 1052
1052 1076
1052 1053
1053 1077
1053 1054
1054 1078
1054 1055
1055 1079
1056 1080
1056 1057
1056 1079
1057 1081
1057 1058
1058 1082
1058 1059
1059 1083
1059 1060
1060 1084
1060 1061
1061 1085
1061 1062
1062 1086
1062 1063
1063 1087
1063 1064
1064 1088
1064 1065
1065 1089
1065 1066
1066 1090
1066 1067
1067 1091
1067 1068
1068 1092
1068 1069
1069 1093
1069 1070
1070 1094
1070 1071
1071 1095
1071 1072
1072 1096
1072 1073
1073 1097
1073 1074
1074 1098
1074 1075
1075 1099
1075 1076
1076 1100
1076 1077
1077 1101
1077 1078
1078 1102
1078 1079
1079 1103
1080 1104
1080 1081
1080 1103
1081 1105
1081 1082
1082 1106
1082 1083
1083 1107
1083 1084
1084 1108
1084 1085
1085 1109
1085 1086
1086 1110
1086 1087
1087 1111
1087 1088
1088 1112
1088 1089
1089 1113
1089 1090
1090 1114
1090 1091
1091 1115
1091 1092
1092 1116
1092 1093
1093 1117
1093 1094
1094 1118
1094 1095
1095 1119
1095 1096
1096 1120
1096 1097
1097 1121
1097 1098
1098 1122
1098 1099
1099 1123
1099 1100
1100 1124
1100 1101
1101 1125
1101 1102
1102 1126
1102 1103
1103 1127
1104 1128
1104 1105
1104 1127
1105 1129
1105 1106
1106 1130
1106 1107
1107 1131
1107 1108
1108 1132
1108 1109
1109 1133
1109 1110
1110 1134
1110 1111
1111 1135
1111 1112
1112 1136
1112 1113
1113 1137
1113 1114
1114 1138
1114 1115
1115 1139
1115 1116
1116 1140
1116 1117
1117 1141
1117 1118
1118 1142
1118 1119
1119 1143
1119 1120
1120 1144
1120 1121
1121 1145
1121 1122
1122 1146
1122 1123
1123 1147
1123 1124
1124 1148
1124 1125
1125 1149
1125 1126
1126 1150
1126 1127
1127 1151
1128 1129
1128 1151
1129 1130
1130 1131
1131 1132
1132 1133
1133 1134
1134 1135
1135 1136
1136 1137
1137 1138
1138 1139
1139 1140
1140 1141
1141 1142
1142 1143
1143 1144
1144 1145
1145 1146
1146 1147
1147 1148
1148 1149
1149 1150
1150 1151
