seeds
9587
1768
5948
8106
2310
14775
14793
6204
16499
16835
17510
18047
18459
18788
2827
291
2897
941
1777
1782
1800
1805
1811
2294
2322
2369
2477
2485
2495
4338
4336
11197
3457
3493
12597
4302
4563
4538
4544
1401
1417
17462
10874
4675
1419
4766
4776
4798
4846
3190
5767
141
15952
16310
18577
6114
7209
17528
6949
13430
8108
8444
9080
9089
9099
1050
9572
9769
10050
10176
10184
5225
5226
6305
12124
11173
12820
14149
12516
11077
11787
14750
1418
8277
14799
8305
2015
16764
15065
15286
15356
12192
4700
15937
16063
4717
16290
6135
16340
16343
16345
16512
16595
16652
2290
16653
16654
16655
16660
16661
4347
16674
5780
16698
16701
16713
11109
5463
7904
16780
16291
15195
2710
16811
16826
11081
16846
16848
1931
17564
12821
17172
5121
6599
17366
17417
17457
9437
17653
17695
17768
12575
3779
17844
17845
4876
17929
17944
17946
10151
3025
3026
17857
10274
7846
9628
18419
18555
18610
18665
12233
18783
18811
18812
19009
19085
13045
19157
19216
19282
19316
19335
19336
19350
19379
3925
19435
19462
19463
19464
17373
5888
10100
8892
10883
9823
4074
76
3947
3981
6534
407
1704
486
6912
15201
746
751
3436
16316
3663
968
969
970
973
985
1015
1029
1121
1137
1144
1189
1194
1234
1283
5772
1318
1341
5509
7120
11447
1390
5621
5293
1409
1410
1478
1492
2428
1696
5064
6657
1795
8300
2452
1883
10196
1911
7935
3159
1994
2006
1999
9959
16627
2073
7547