1068 1646
1068 1077
1068 1493
1068 1626
1068 937
1068 1577
1068 1654
1068 1022
1646 1577
1646 1616
1646 1012
1646 1077
1577 1626
1577 1563
1577 1616
1057 908
1057 921
1057 1188
1057 938
1057 2137
1057 283
908 938
908 921
908 9
908 832
908 1395
908 979
938 1188
938 300
938 979
938 1123
420 1175
420 1053
420 402
420 237
420 1118
420 1088
420 516
1175 237
1175 1058
1175 1118
237 1058
237 1125
237 402
237 135
1054 1100
1054 1132
1054 1032
1054 1041
1054 1055
1054 1038
1100 1041
1100 1132
1100 1051
1100 1085
1100 1117
1041 1032
1041 1029
1041 1051
1041 1030
1041 1031
1058 1125
1058 1118
1058 97
1058 486
1058 220
1125 167
1125 494
1125 486
1253 29
1253 1260
1253 1218
1253 1222
1253 1223
29 1260
29 23
29 17
29 556
29 1268
29 51
29 1223
1260 1431
1260 1448
1260 1432
1260 1222
1260 1344
1064 1070
1064 419
1064 0
1064 260
1064 327
1064 1065
1070 0
1070 1089
1070 1034
1070 419
1070 207
0 1089
0 1065
0 1164
0 201
1036 1129
1036 1130
1036 1043
1129 1119
1129 1043
1129 861
1129 592
1129 95
1119 1130
1119 396
1119 877
1569 2380
1569 1554
1569 1583
1569 544
1569 1560
1569 1584
2380 1584
2380 1594
2380 544
2380 1585
2380 927
2380 1595
1584 1615
1584 1610
1584 1583
1584 1611
1584 1585
2433 2501
2433 2486
2433 2458
2433 2472
2433 2482
2433 2378
2433 2477
2501 2472
2501 1650
2501 2475
2501 2463
2501 2477
2501 1957
2472 2463
2472 2457
2472 2486
1631 1653
1631 1094
1631 1633
1631 1632
1631 1610
1631 1630
1631 1645
1653 1645
1653 340
1653 1652
1653 1207
1653 1094
1645 1637
1645 1652
1645 1630
1143 1165
1143 1144
1143 1184
1143 955
1143 949
1165 668
1165 678
1165 1184
1165 199
668 929
668 647
668 678
668 639
668 949
1201 1439
1201 1152
1201 304
1201 1477
1439 304
1439 10
1439 1400
1439 1477
1439 1927
304 10
304 238
304 1037
304 106
304 1152
304 323
304 1332
1089 1195
1089 201
1089 1205
1089 1034
1554 2448
1554 1583
1554 1995
1583 1615
1583 1568
1583 1582
1583 1559
1183 1173
1183 1117
1183 1172
1183 403
1173 403
1173 418
1173 1117
1173 239
1173 1124
1173 1132
403 1171
403 34
403 98
403 1116
403 1172
403 418
64 431
64 933
64 745
64 1170
64 34
64 1140
64 1171
64 11
431 11
431 341
431 34
11 341
11 68
11 745
11 498
1031 1084
1031 884
1031 573
1031 872
1031 1030
1031 833
1031 1051
1084 573
1084 1085
1084 1140
1084 1051
573 1023
573 1140
573 962
573 884
1788 2206
1788 1858
1788 1783
1788 1819
1788 1729
1788 1869
2206 2222
2206 1394
2206 1858
2206 1392
2206 2207
2222 1783
2222 2227
2222 2207
2222 2245
1153 1117
1153 1085
1153 1172
1117 1132
1117 1085
1140 1085
1140 1172
1140 1170
1140 1171
1140 1023
1085 1051
98 1116
98 34
98 341
1116 341
1116 356
1116 1046
1116 418
341 34
341 356
341 68
341 375
418 239
418 1046
418 218
488 1999
488 182
488 1641
488 1997
488 1798
1999 1997
1999 1225
1999 1516
1999 1387
1999 182
1997 1704
1997 1798
1997 1387
1997 1388
1195 402
1195 1205
1195 135
1195 1053
1195 1034
402 135
402 1053
135 148
135 167
135 129
135 1205
1494 716
1494 219
1494 1187
1494 1489
1494 1441
1494 1495
1494 1512
716 1489
716 713
716 1500
716 1012
716 1511
716 1495
716 1508
716 1510
1489 1187
1489 1500
1489 1556
1803 401
1803 1206
1803 1845
1803 1844
1803 1757
1803 126
401 1206
401 207
401 1083
401 444
401 126
1206 419
1206 207
1206 1822
1206 260
1206 1180
1206 319
2271 1397
2271 2283
2271 2284
2271 2272
2271 2251
1397 890
1397 1884
1397 1405
1397 1404
1397 1870
1397 2283
890 1870
890 1861
890 2251
1099 1001
1099 970
1099 801
1099 803
1099 2403
1099 2381
1099 2342
1001 803
1001 1442
1001 944
1001 970
1001 925
803 397
803 924
803 801
803 1442
1595 1594
1595 1633
1595 1323
1595 927
1595 1612
1594 1611
1594 1633
1594 1585
1594 1610
207 419
207 1034
207 1083
419 260
1454 1934
1454 1743
1454 1465
1454 1838
1934 1924
1934 1954
1934 1971
1934 1722
1934 1743
1934 1933
1934 1935
1924 1465
1924 1479
1149 1039
1149 1455
1149 1050
1149 1204
1149 347
1149 1069
1039 347
1039 1045
1039 1204
1039 131
1039 374
347 1069
347 1078
347 374
347 231
1956 1536
1956 1107
1956 1337
1956 1680
1956 2162
1956 430
1956 1767
1956 2050
1536 2050
1536 1107
1536 2092
1536 1017
1536 1389
2050 1389
2050 1237
2050 1767
1123 1188
1123 915
1123 197
1123 340
1123 300
1188 915
1188 283
1822 1811
1822 1180
1822 1845
1380 1299
1380 1108
1380 1436
1380 1482
1380 1293
1380 1296
1299 1108
1299 1305
1299 1
1299 432
1299 1328
1108 181
1108 1
1108 1482
1108 1166
382 383
382 370
382 381
382 391
382 360
382 151
382 1181
383 1181
383 371
383 361
383 370
1181 371
1181 439
1181 413
1181 151
1045 131
1045 1166
1045 1139
1045 1204
1045 181
131 374
131 1040
131 1044
131 181
219 1187
219 1512
219 1639
1187 1639
1187 987
1187 1556
260 416
260 327
260 319
1132 1124
1132 1302
1132 1055
1053 1083
1053 1034
1053 516
181 1166
181 1044
181 1
1 1044
1 432
1180 319
1180 1804
319 1804
319 1179
319 416
544 2355
544 2450
544 927
1560 2355
1560 1995
34 1171
1023 1008
1023 933
1023 962
1023 1170
1488 1080
1488 1556
1488 1659
1488 1411
1488 1487
1488 1546
1080 1546
1080 1556
1080 1493
1080 1500
1080 1077
1546 1493
1546 1618
1546 1022
1804 1179
1804 1823
1804 1811
1804 1707
1804 1147
1515 1682
1515 1737
1515 1742
1515 1721
1515 1506
1515 2156
1682 1506
1682 2156
1682 1720
1682 1839
1682 1702
1506 1789
1506 1839
356 1046
356 375
356 1049
1046 1202
1046 1049
1046 1050
1046 1271
1205 201
1205 1079
1205 129
1202 1050
1202 1368
1202 1271
1202 1412
1050 1049
1050 1069
1050 1412
1164 201
1164 1120
1164 1163
1164 168
1164 1065
201 1120
201 1079
1120 1079
1120 168
1120 6
1120 116
1120 384
1098 340
1098 1652
1098 300
1098 1076
1098 1651
1098 816
340 300
340 1652
340 197
300 1076
300 284
300 979
239 218
239 1124
239 12
239 1141
239 1347
921 920
921 832
921 2137
920 832
920 687
920 2137
832 1395
832 1444
832 1066
832 687
1079 384
1079 129
384 116
384 129
814 20
814 731
814 877
814 707
814 615
20 1182
20 211
20 731
20 470
1182 877
1182 1110
1182 1194
1082 397
1082 2381
1082 801
1082 261
397 261
397 1512
397 924
397 801
397 1639
261 687
261 1066
261 1639
105 93
105 270
105 1316
105 1336
93 1316
93 291
93 270
93 290
1316 291
1316 94
1316 1370
1316 1343
1316 1336
291 94
291 290
291 49
291 75
291 236
94 385
94 49
94 1343
94 1374
939 1038
939 1806
939 1029
939 1758
939 1007
1038 1032
1038 1087
1038 1055
1032 1029
1305 432
1305 226
1305 1033
1305 1151
1305 1328
432 1044
432 1033
211 470
211 731
211 67
211 491
211 81
470 81
470 22
470 1110
470 1332
1130 314
1130 396
1130 1035
1130 1043
1130 292
687 2381
687 1066
687 2137
270 202
270 290
270 1336
270 1281
270 1269
270 1274
270 324
385 226
385 49
385 203
385 1374
226 1374
226 203
226 1151
226 1142
226 1328
1374 1363
1374 1328
1374 1343
1043 1052
1043 1067
1043 1190
1043 292
1052 95
1052 109
1052 1190
218 1271
218 1347
1254 1243
1254 1263
1254 54
1254 1262
1254 31
1243 31
1243 1235
1243 25
1243 1248
1243 1234
1243 1242
1243 1887
31 54
31 39
31 1248
1556 1500
1556 1659
2061 2119
2061 2089
2061 2108
2061 2071
2061 2041
2061 2070
2061 2090
2119 2108
2119 2090
2119 2118
2119 2136
2119 2128
2119 2135
2108 2089
2108 2070
2108 2118
2033 2109
2033 1237
2033 190
2033 2155
2033 1981
2033 2020
2033 2045
2033 1946
2109 429
2109 2064
2109 2155
2109 1213
2109 502
429 2020
429 2058
429 502
22 314
22 1110
22 1157
22 1267
22 1332
314 1110
314 1157
314 1035
314 396
314 1093
1110 1194
1110 396
290 75
290 305
290 202
49 203
49 236
49 247
963 733
963 159
963 664
963 995
963 780
733 664
733 1771
733 227
733 780
733 755
733 677
664 338
664 1717
664 1764
1615 1630
1615 1582
1615 1609
1615 1637
1610 1630
1610 1611
1610 1633
1610 1632
444 1083
444 126
444 516
444 315
1083 516
1083 1034
1652 1651
1639 1512
1639 1066
1639 987
68 498
68 164
68 375
416 386
416 327
416 1179
416 1178
327 386
327 1063
327 1065
203 1142
203 247
203 591
203 96
1275 1470
1275 1266
1275 1420
1275 1310
1275 1280
1470 1310
1470 1295
1470 1471
1470 1447
1470 1451
1310 1317
1310 1294
1310 1486
1310 1280
1179 1147
1179 1178
324 202
324 428
324 1274
324 1269
324 771
324 2394
202 428
202 305
75 236
75 305
75 738
75 811
236 247
236 738
2158 1695
2158 2167
2158 2130
2158 1766
2158 2113
2158 2114
2158 2168
1695 1766
1695 1662
1695 1657
1695 2165
1695 1667
1695 2167
1766 2165
1766 2149
1766 2130
582 928
582 1027
582 574
928 849
928 518
928 2461
928 978
849 558
849 574
849 978
1659 987
1659 985
1659 1411
1077 1493
1077 1500
1493 1022
1971 1991
1971 1954
1971 1935
1971 1970
1971 1947
1991 1970
1991 1947
1991 2051
1991 2022
1991 1989
1991 1990
1970 1990
182 1225
182 1635
182 1641
182 1623
1225 533
1225 1386
1225 2151
1225 1635
1225 1307
428 13
428 305
428 303
428 2394
1151 1072
1151 1142
1151 1033
1142 1072
1142 96
1487 1411
1487 1618
1487 1649
1411 985
1411 1649
1411 961
1411 66
1637 1651
1637 1630
1637 1609
1637 1624
1946 1868
1946 2020
1946 2045
1946 2467
1946 1993
1868 2467
1868 2020
1868 2479
1868 2058
1868 2484
2467 1750
2467 2479
2467 1763
2467 2497
2467 1993
305 303
305 811
305 595
305 673
247 591
247 738
2394 13
2394 2447
2394 771
2394 2383
13 303
13 674
13 2383
1501 880
1501 2499
1501 2101
1501 1600
880 2499
880 1826
880 833
2499 2469
2499 2465
2499 2459
2499 1948
2499 950
1651 328
1651 816
1651 1624
2116 1862
2116 543
2116 2495
2116 1853
2116 2025
1862 2495
1862 503
1862 2026
1862 1853
2495 2083
2495 1898
2495 2470
2495 2026
159 791
159 338
159 995
159 993
791 993
791 338
791 997
791 228
993 997
993 995
993 306
993 1013
883 887
883 864
883 856
883 896
883 1761
883 1949
883 1928
887 856
887 896
887 882
856 882
856 850
856 846
856 864
543 2097
543 1898
543 1212
543 2025
2462 878
2462 2493
2462 2485
2462 2489
2462 2492
2462 2491
2462 2496
2462 2478
878 2491
878 835
878 2478
2491 835
2491 246
2491 873
2491 2479
497 187
497 478
497 289
497 417
497 468
187 417
187 186
187 400
187 680
187 667
187 14
417 186
417 289
417 139
864 850
864 1928
864 1909
997 1013
997 354
997 1111
997 1135
1013 306
1013 765
1013 354
1013 601
896 911
896 905
896 882
896 1761
1794 947
1794 2480
1794 2497
1794 1800
1794 1801
947 1801
947 853
947 1009
947 2494
947 1795
947 2480
1801 1800
1801 1810
1801 1795
1065 1063
1065 1163
376 434
376 362
376 1376
434 1376
434 393
434 474
434 446
434 433
1376 1279
1376 1292
1376 1375
1376 433
303 674
303 673
72 59
72 104
72 115
59 73
59 74
59 46
59 104
59 63
59 58
73 74
73 115
73 91
591 633
591 738
591 96
845 2263
845 855
845 2282
845 2304
2263 828
2263 2277
2263 824
2263 2282
2263 2250
828 855
828 846
828 837
828 824
828 850
911 905
911 910
911 1728
911 1761
905 882
905 886
905 910
905 904
1003 990
1003 1026
1003 981
1003 982
1003 986
1003 991
1003 1019
990 991
990 1025
990 306
990 780
990 981
990 1026
990 995
991 1725
991 1018
991 1025
1421 1420
1421 1429
1421 1407
1421 1398
1421 1239
1421 1430
1421 1437
1421 1232
1420 1232
1420 1257
1420 1266
1420 1447
1420 1256
1420 1451
1420 1429
1232 1216
1232 1238
1232 1256
1232 1209
1232 1398
979 9
979 284
979 1016
979 302
9 302
9 1450
9 2166
9 339
9 1395
302 1016
302 1426
302 1450
2435 2448
2435 1995
2435 2053
2435 2418
2435 2428
2435 2449
2448 2417
2448 1995
2448 1559
2448 1548
2448 1567
2417 1548
2417 1543
2417 2379
2417 2418
393 446
393 362
393 404
474 445
474 473
474 446
474 475
445 473
445 433
445 1255
445 2336
445 2345
473 2311
473 2336
335 336
335 311
335 334
335 310
335 353
335 321
335 360
336 360
336 322
336 311
336 361
336 370
360 370
360 381
337 234
337 322
337 361
337 371
337 787
337 797
234 371
234 398
234 808
371 361
371 398
371 413
623 147
623 128
623 634
623 158
623 115
147 128
147 133
147 138
147 165
147 166
147 158
128 115
128 121
128 133
811 616
811 545
811 654
811 627
595 545
595 673
1725 1718
1725 986
1725 1018
1018 727
1018 751
1018 874
1018 1146
944 1513
944 805
944 1288
944 1442
944 1510
1513 1510
1513 965
1513 1288
1513 1352
1513 1440
1510 965
1510 1495
1510 1508
1510 1442
1626 1627
1626 1628
1626 1570
1626 1563
1627 1545
1627 937
1627 1628
1811 1845
1811 1707
168 6
168 1163
168 390
446 404
446 435
446 447
446 475
2486 2457
2486 2482
2486 2460
2486 972
2457 900
2457 2483
2457 2463
2457 2475
900 762
900 972
900 1008
900 962
900 945
41 58
41 46
41 540
41 27
41 40
41 45
58 45
58 46
58 62
58 63
45 40
45 56
45 57
45 62
400 6
400 186
400 667
6 186
6 116
6 390
6 667
186 116
186 139
1009 969
1009 875
1009 796
1009 2494
1009 853
969 796
969 732
969 1027
969 2494
796 875
796 994
796 615
796 567
1512 924
1512 1441
1512 1442
2473 2490
2473 2003
2473 2494
2473 1998
2473 504
2473 2461
2490 2461
2490 1998
2490 2097
2490 2481
2461 1027
2461 2494
2461 2481
2461 518
2461 2474
593 306
593 1025
593 874
593 988
593 601
306 995
1025 874
126 315
126 1844
126 1835
1147 1178
1147 1159
1147 1824
1147 1823
2340 2412
2340 2375
2340 2325
2340 2332
2340 2392
2340 2407
2412 2375
2412 2407
2412 2411
2375 2332
2375 2349
2375 2411
74 91
74 47
74 46
74 577
540 46
540 541
540 529
540 27
46 559
46 47
27 26
27 40
27 517
27 529
27 16
916 930
916 922
916 910
916 904
916 909
916 941
916 1102
916 895
930 1102
930 922
930 1095
1102 941
1102 949
1102 955
882 886
882 846
2483 2067
2483 778
2483 2475
2483 762
2483 945
2067 778
2067 2459
2067 2469
2067 1517
2067 2465
2067 1527
778 2459
778 945
778 919
778 1948
362 1306
362 404
362 348
362 1279
362 1297
1306 348
1306 295
348 295
348 357
348 404
348 377
443 746
443 462
443 463
443 415
746 463
746 532
746 480
746 700
746 766
463 469
463 813
463 480
463 14
463 462
463 453
322 787
322 361
322 275
322 274
322 311
361 370
91 115
91 598
91 624
115 121
115 104
115 624
633 96
633 513
633 616
633 738
633 654
633 612
96 513
96 95
96 109
96 1072
981 1026
981 1019
981 843
981 780
1019 982
1019 999
1019 843
1019 669
1019 1004
1118 97
1118 293
1118 1199
1118 1088
1178 1186
1178 1159
1178 386
1178 248
1186 1159
1186 248
1186 1158
1186 1197
1186 316
1159 1136
1159 1168
1159 1158
1159 1126
262 295
262 276
262 277
262 427
262 2365
262 1342
262 250
262 2358
295 1342
295 1297
295 276
295 357
295 317
1342 1297
1342 1369
1342 1259
1297 1369
1297 1279
1297 1292
404 377
404 435
982 986
982 999
982 992
982 975
982 974
986 974
986 1718
986 1541
986 1466
121 133
121 113
121 114
121 90
121 104
121 138
133 138
138 120
138 165
138 113
414 439
414 415
414 453
414 398
439 413
439 453
439 442
439 1128
439 688
413 398
225 185
225 245
225 184
225 173
225 244
225 224
185 245
185 184
185 649
185 739
185 681
245 244
245 739
795 786
795 686
795 630
795 527
795 699
795 779
786 699
786 575
786 630
699 590
699 631
699 758
699 527
699 564
699 575
113 90
113 89
113 120
90 104
90 114
90 63
90 62
90 89
640 557
640 753
640 566
640 643
640 779
640 630
640 812
557 630
557 8
557 753
557 730
630 575
630 730
630 779
1317 1486
1317 1295
1317 2502
1317 1319
1486 2371
1486 1304
1486 1492
1486 2502
99 1161
99 1071
99 583
99 1169
1161 1169
1161 1059
1161 1096
1161 1176
1161 1203
1161 964
1169 523
1169 728
1169 1059
1315 1982
1315 1918
1315 272
1315 940
1315 1983
1982 272
1982 1389
1982 1983
1982 2092
272 339
272 80
272 2092
272 2166
272 1017
276 277
276 317
276 296
357 377
357 317
357 349
435 377
435 387
435 447
435 394
108 553
108 77
108 76
108 124
108 588
108 123
553 569
553 554
553 2310
553 2334
553 77
569 588
569 589
569 554
569 613
503 1384
503 2026
503 2500
503 1853
503 2157
1384 2500
1384 2468
1384 1714
1384 4
1384 2157
2500 2026
2500 2488
2500 960
2500 2464
2500 2468
114 104
2459 1948
2459 2465
42 776
42 259
42 117
42 358
42 355
42 454
42 642
776 162
776 656
776 722
776 454
162 656
162 784
162 781
162 576
162 642
377 349
377 387
377 363
447 475
447 448
447 492
475 492
475 2311
475 689
475 499
77 76
77 50
77 65
77 107
77 2354
76 107
76 123
107 118
107 123
107 65
107 580
1763 2480
1763 2043
1763 2497
1763 2003
2480 2003
2480 2494
713 1511
713 1006
713 1508
713 1160
713 1193
713 965
1511 1006
1511 1012
1500 1012
167 494
167 495
167 3
167 216
167 148
1877 1865
1877 829
1877 825
1877 1886
1877 1893
1865 825
1865 2236
1865 2226
1865 1886
1865 1871
1865 1872
825 2219
825 829
825 2236
2024 2359
2024 2369
2024 2366
2024 2042
2024 2023
2024 2032
2359 2366
2359 2023
2359 2370
2359 1507
2366 2369
2366 2379
2366 2370
250 277
250 229
250 278
250 279
277 278
317 349
317 296
317 318
317 363
349 363
453 442
453 469
453 462
492 499
492 448
492 482
492 471
492 476
787 782
787 797
1564 1502
1564 1413
1564 1014
1564 1926
1564 1758
1502 1473
1502 1527
1502 2469
1502 1926
1473 1413
1473 1590
1473 1537
1473 1531
1473 1527
296 318
296 278
296 307
387 363
387 394
387 342
387 364
499 471
499 628
499 689
499 690
104 63
311 267
311 258
311 274
311 334
952 1572
952 820
1572 2357
1572 1361
1572 1419
1572 820
1572 1619
2357 1446
2357 820
2357 1561
2357 1361
2357 946
2357 2378
141 160
141 124
141 123
141 188
141 161
141 176
141 118
160 118
160 610
160 176
160 653
160 637
160 694
118 123
118 580
442 468
442 461
442 478
442 688
442 469
1861 1870
1861 1729
1861 1876
1861 2238
1861 1404
1861 2251
1870 1404
1404 1876
1404 1884
318 307
318 363
318 342
559 47
559 560
559 541
559 577
169 1322
169 155
169 110
169 2337
169 253
169 200
169 2426
169 2427
1322 110
1322 2337
1322 1311
1322 154
1322 83
110 155
110 84
110 83
110 100
1049 1069
1049 375
1049 1061
1049 1134
97 293
97 220
1837 1876
1837 1729
1837 1819
1837 1899
1876 1899
1876 1729
1876 1760
1899 1917
1899 1819
1899 1869
1899 1760
1899 1460
1899 1722
1899 1936
2358 229
2358 2384
2358 2365
2358 2402
229 2384
229 279
229 252
229 221
229 2427
363 342
448 394
448 405
448 440
184 158
184 166
184 173
184 649
468 478
468 479
468 469
468 680
478 461
478 289
873 164
873 498
873 1002
873 2479
164 2479
164 1750
164 498
164 1716
164 375
164 1736
2479 2484
2479 1750
2479 2492
462 415
63 62
1128 688
1128 151
1128 294
1957 1650
1957 1408
1957 1658
1650 1531
1650 1658
1650 2475
1650 1521
1650 1537
1237 2155
1237 1389
1237 190
1237 1767
190 1767
278 279
278 307
278 280
482 476
482 440
243 267
243 244
243 233
243 258
267 258
267 244
267 274
258 232
258 242
258 321
258 334
258 233
909 941
909 600
909 639
909 929
909 891
909 895
941 929
941 949
929 639
929 949
23 556
23 521
23 17
23 522
23 24
17 1223
17 521
17 1224
1131 486
1131 220
1131 1062
1131 82
1131 174
486 174
486 48
486 3
486 485
486 494
2020 2058
2496 2493
2496 2466
2496 2484
2496 2492
2493 2489
2493 1655
2493 2466
2384 2356
2384 2402
2384 2426
2384 2427
279 251
279 280
307 280
307 308
307 342
307 329
394 364
394 405
471 490
471 476
471 506
471 628
124 588
124 161
124 142
124 123
124 613
372 399
372 767
372 325
372 392
372 528
372 783
372 798
399 392
399 415
399 532
392 398
392 415
392 325
392 808
556 36
556 24
2277 2250
2277 2289
2277 2276
2277 2282
2250 824
2250 2237
2250 2244
2250 2276
1268 1344
1268 1458
1268 51
1729 1735
1729 1783
1729 1819
251 252
251 280
342 364
342 329
62 57
62 89
398 415
398 808
415 532
161 188
161 142
161 204
188 660
188 198
188 35
188 204
188 176
767 783
767 741
767 761
767 325
325 788
325 808
325 761
660 176
660 198
660 694
198 1192
198 35
198 1174
198 694
198 1185
846 886
846 855
846 850
846 863
886 863
886 904
863 904
863 881
863 894
863 855
532 766
532 528
1743 1021
1743 1424
1743 1417
1743 1425
1743 1722
1743 1838
1021 1417
1021 1683
1021 1838
1021 1409
1021 1784
1417 1393
1417 1409
1417 1424
523 728
523 714
523 773
523 606
523 879
523 1059
728 606
728 583
120 1341
120 157
120 89
120 127
120 165
1341 127
1341 1335
1341 146
127 89
127 71
127 1335
1235 2034
1235 1248
1235 25
25 2455
25 1887
25 2034
280 252
280 253
280 263
280 308
280 297
364 405
364 365
364 395
405 395
405 421
476 490
476 440
476 436
476 455
476 483
490 483
490 1191
490 493
490 326
490 313
490 312
165 173
165 166
165 172
165 157
165 195
173 195
173 166
173 214
173 224
195 214
195 172
195 213
480 149
480 813
480 792
480 700
480 551
149 813
149 792
149 196
149 759
149 621
813 14
813 196
813 667
642 259
642 765
642 576
642 354
259 354
259 1135
259 117
259 1196
252 253
252 221
440 436
440 421
244 224
244 274
244 275
244 268
469 14
469 479
51 36
51 1458
36 1282
36 24
36 37
1282 52
1282 1298
1282 84
1282 83
1282 1458
308 329
308 365
308 297
308 330
329 365
365 367
365 366
365 395
365 330
14 479
14 680
289 288
289 460
289 496
289 139
289 461
246 745
246 835
246 1002
246 1024
246 933
745 1002
745 933
745 498
1002 498
24 37
24 18
24 522
639 647
639 600
2485 2498
2485 2478
2485 2458
2485 2489
2485 1446
2498 2458
2498 946
2498 1446
2498 2378
2458 2482
2458 2478
2458 2460
436 421
436 455
588 613
1044 1040
1044 1033
1033 1040
1033 1101
1033 1072
2003 2494
2003 2043
2003 1736
2494 1027
1214 1227
1214 1215
1214 2319
1214 2284
1214 1219
1227 2284
1227 1686
1227 2283
1227 1249
1227 1228
2284 2283
2284 2272
2284 2306
2284 2319
395 421
395 367
421 367
421 455
421 406
421 449
50 2354
50 2330
50 65
50 2318
65 580
65 2330
214 213
214 224
214 233
213 233
213 172
213 212
213 223
26 40
26 517
26 534
40 534
40 546
40 56
534 526
534 525
534 546
534 2446
534 510
534 517
534 32
52 84
52 38
52 37
83 1298
83 84
83 1311
1298 1458
1298 1457
1298 1311
253 254
253 263
253 221
253 2427
221 2427
455 449
455 483
483 449
483 493
483 484
2484 2492
2484 2466
84 38
84 53
84 100
84 85
263 297
263 254
263 281
263 331
297 330
297 331
367 406
367 422
367 331
366 330
366 331
1638 1563
1638 1562
1638 1114
1638 1160
1638 1293
1638 1436
1638 1006
1563 1138
1563 1570
1563 1616
1138 1006
1138 1012
1138 1616
47 577
81 67
81 1037
81 15
81 1332
37 38
37 30
37 18
330 331
1191 312
1191 313
1191 583
1191 1048
1191 82
312 506
312 752
312 736
1698 2063
1698 1047
1698 834
1698 1693
2063 1709
2063 854
2063 2476
2063 842
2063 834
1709 1693
1709 2476
1709 1504
1709 1714
461 451
461 460
2475 2463
2475 1517
2475 1521
731 491
731 707
731 550
1570 1628
1570 1589
1570 1562
1628 1545
1628 1075
1628 1204
1628 1589
38 30
38 53
1172 1171
1005 2141
1005 1020
1005 1004
1005 976
1005 1000
1005 2102
1005 1673
2141 1673
2141 2102
2141 2163
2141 1547
2141 2110
1673 2163
1673 1020
1673 1779
200 254
200 230
200 155
254 230
254 281
406 449
406 422
449 484
449 422
313 326
313 82
313 174
2026 2083
2026 2488
2488 2471
2488 852
2488 2083
2488 989
2488 2464
2474 2470
2474 2481
2474 518
2474 2487
2470 2487
2470 1898
2470 2083
2470 2471
2470 2481
2487 709
2487 2471
2487 518
2487 271
550 491
550 707
550 594
550 539
550 696
550 655
491 67
491 696
230 155
230 281
230 255
493 326
493 484
493 48
493 134
326 134
326 174
875 853
875 964
875 948
875 994
994 615
994 877
994 948
994 893
994 708
994 721
855 862
855 881
142 204
142 143
142 189
155 100
155 144
155 255
155 209
155 240
281 282
281 255
484 422
484 407
484 456
484 48
2478 835
2478 841
2478 2460
158 166
158 649
158 634
67 15
67 696
1295 1481
1295 1471
1295 1319
100 144
100 85
100 111
331 422
331 282
331 368
422 368
422 407
422 388
1442 924
1442 1441
1442 1495
945 962
945 919
945 762
688 451
688 294
30 53
30 1226
30 515
30 18
30 1233
111 144
111 85
111 119
111 145
144 209
144 192
144 145
255 240
255 282
255 264
919 950
919 1948
919 884
919 962
919 872
1431 1438
1431 1430
1431 1432
1431 1448
1431 1422
1431 1414
1448 1458
1448 1438
460 477
460 496
460 451
460 452
477 452
477 451
477 467
477 487
53 85
53 1233
53 1272
85 69
85 119
209 240
209 192
282 368
282 264
282 309
368 309
368 343
368 369
368 388
407 388
407 456
407 408
407 465
853 1203
853 964
853 1795
964 948
964 1059
964 1203
373 2464
373 898
373 960
373 926
2464 960
2464 973
2464 989
960 854
960 898
960 2468
518 978
518 271
978 558
978 671
978 136
240 264
240 192
240 222
388 369
388 378
388 408
388 409
456 48
456 465
48 465
48 134
48 485
48 174
174 82
82 1048
82 1062
82 1103
1166 1139
1166 1482
1139 1482
1139 1589
1139 1204
1482 1589
1482 1436
696 15
696 33
696 655
696 564
696 730
15 33
1037 8
1037 33
1037 1332
1037 238
1037 150
139 116
139 288
139 140
116 140
140 129
140 288
140 148
1233 1247
1233 1226
1233 1241
922 1728
922 1095
922 910
910 904
910 1728
33 730
33 8
192 145
192 193
192 222
264 309
264 222
264 265
264 298
309 343
309 298
309 332
343 369
343 332
343 350
369 350
369 351
369 378
408 465
408 409
408 437
408 423
465 423
465 485
224 233
765 601
765 354
765 576
601 576
601 988
601 823
2219 2214
2219 2236
2219 2229
2219 821
2219 2196
2219 2205
2214 829
2214 821
1272 69
1272 1283
1272 1262
1272 1247
1272 1276
69 119
69 101
69 1276
69 1300
119 145
119 156
145 193
145 156
222 193
222 265
222 194
222 210
485 423
485 437
485 3
479 680
233 223
233 232
730 575
730 8
730 564
298 265
298 332
332 350
332 265
332 266
332 299
350 351
350 333
350 299
423 437
8 150
753 150
753 106
753 323
753 43
753 566
1194 396
1194 877
193 156
193 194
265 266
381 380
381 353
381 249
381 391
391 249
391 1042
351 378
351 333
288 496
288 148
288 269
496 269
496 487
101 156
101 132
101 1313
101 1300
156 194
156 132
378 409
378 333
378 410
378 379
409 437
409 410
2477 1408
2477 1361
1408 1658
1408 1596
1408 1361
1408 1550
805 925
805 1288
805 1309
266 210
266 299
266 1391
266 273
437 410
437 411
437 3
437 457
189 204
189 143
189 661
189 638
189 199
204 1184
204 35
829 1901
829 839
829 826
829 821
194 210
194 132
194 1355
210 1355
210 1391
299 333
299 1385
299 273
299 1270
333 379
410 379
410 389
874 751
874 988
988 823
988 751
580 538
580 549
580 587
580 610
334 321
150 238
150 106
106 323
106 238
273 1385
273 1252
273 1261
273 1246
273 1391
1385 1261
1385 1270
1385 1358
1728 1095
1728 1676
1728 1774
1095 1676
1095 955
1095 1086
1095 1834
386 248
386 472
132 1313
132 1355
132 1314
132 1330
1313 102
338 228
338 1764
338 92
228 92
228 1111
228 1467
390 1154
390 130
390 667
390 1056
390 1163
667 130
667 196
727 751
727 1185
727 1146
751 705
751 750
751 823
2482 2460
2460 972
2460 841
1290 1263
1290 60
1290 54
1290 70
1290 102
1290 1276
1290 1300
1290 1283
1290 1277
1263 54
1263 1262
1263 1277
54 39
54 55
54 60
1355 1381
1355 1391
411 389
411 457
411 425
3 457
3 466
3 495
3 494
457 424
457 466
1719 1571
1719 1808
1719 1797
1719 1796
1719 1770
1571 1770
1571 1796
1571 1675
1571 2052
1571 1580
1770 2052
1770 1542
1770 1797
1770 1690
274 275
2058 2466
2058 502
2058 802
835 1024
1314 103
1314 1330
1314 102
1330 1381
1330 103
1330 1340
1381 1329
1381 1382
1381 1340
1309 925
1309 1288
1309 1301
925 1127
925 970
1127 122
1127 970
1127 1301
1127 1339
610 645
610 637
610 587
610 609
379 1270
379 1273
379 1284
466 424
466 458
466 495
466 459
466 216
466 269
60 70
60 55
60 44
60 61
60 86
504 1998
504 1736
504 1929
504 1706
1998 1929
1998 2040
35 1192
1163 1063
1163 1056
248 472
248 316
389 1284
389 425
39 32
39 1248
39 44
39 546
70 102
70 86
102 86
102 103
102 1300
513 612
513 744
513 679
513 95
424 425
424 441
424 458
2471 852
2471 709
2471 2083
852 572
852 7
852 840
852 989
566 43
566 1162
566 812
566 565
43 323
1162 565
1162 323
1162 1152
1162 1115
1248 525
1248 32
1248 524
32 525
32 546
55 44
450 1264
450 458
450 459
450 467
450 438
1264 438
1264 1289
1264 1236
1264 426
438 467
438 1042
438 1289
438 697
438 451
1076 284
1076 816
1076 998
220 1103
220 293
220 1062
597 1073
597 812
597 565
597 643
597 1115
597 1074
1073 1074
1073 794
1073 1691
1073 1047
1073 834
1074 1684
1074 1691
1074 1115
1074 1674
425 1284
425 426
425 441
649 650
649 634
649 675
1029 1028
1029 1030
1029 1818
1461 1321
1461 1429
1461 1452
1461 1471
1461 1457
1461 1472
1461 1481
1321 1481
1321 1319
1321 1320
1321 154
1321 1472
1481 1319
1481 1471
495 216
1750 1736
1750 2043
788 761
788 808
788 797
788 757
761 757
761 740
761 748
761 741
86 103
86 61
86 87
103 87
103 1324
103 1340
2080 2059
2080 2106
2080 2060
2080 2051
2080 2127
2080 2107
2059 2030
2059 2106
2059 1539
2059 2117
2059 2079
2030 1539
2030 2051
2030 1989
180 130
180 1154
180 5
180 196
130 196
130 1154
196 759
441 458
441 426
613 143
613 638
613 629
613 589
143 638
44 546
44 61
44 56
1562 1436
1436 1589
1436 1293
1589 1204
1136 1824
1136 1703
1136 1566
1458 1438
1458 1344
1458 1457
1438 1437
1438 1430
1438 1457
1027 574
458 426
458 459
1762 1402
1762 2178
1762 888
1762 1692
1762 1443
1762 2171
1762 1713
1762 1799
1402 1443
1402 1403
1402 1799
1402 1409
1402 1748
1443 1881
1443 1897
1443 1781
1443 1784
1443 1748
739 268
739 748
739 681
739 757
739 703
739 718
268 275
268 782
268 757
546 56
61 87
61 56
87 88
87 56
87 71
87 57
87 1324
516 1088
516 2
516 315
1063 1056
1063 472
2466 1617
2466 2021
2466 802
285 1362
285 1252
285 1261
285 352
285 301
285 1358
1362 301
1362 241
1362 1252
301 320
301 286
301 241
301 352
223 212
223 232
808 797
320 352
320 286
320 256
320 359
320 287
320 344
352 359
352 1353
352 1189
352 1358
426 1284
426 1236
216 269
216 148
977 968
977 2102
977 2073
977 976
977 957
968 2073
968 957
968 2016
2073 2110
2073 2120
2073 2016
2073 2084
275 782
10 1332
10 1519
10 1400
241 286
241 171
241 257
241 256
241 1367
241 170
286 256
88 1324
88 71
1324 1335
1324 1340
170 171
170 1335
170 1340
170 146
170 1367
170 1382
171 146
171 257
171 183
359 1353
359 344
359 380
359 353
1353 380
1353 1189
1353 1278
1056 1154
1056 472
1056 178
2183 2187
2183 2182
2183 2175
2183 2174
2183 2184
2187 2182
2187 2185
2187 2184
2187 2190
2187 2186
2187 2189
2187 2193
2182 2174
2182 2192
2182 2173
2182 2179
2182 2186
459 467
459 487
459 269
148 269
148 129
56 57
1335 71
1335 146
1335 1340
71 57
71 89
146 183
146 172
146 157
257 256
257 183
257 212
257 242
257 232
256 287
256 242
344 310
344 353
380 353
380 249
380 1278
380 1289
937 1654
937 1545
937 1423
937 1137
1654 1022
1654 1618
1654 1137
472 316
472 178
269 487
850 838
850 837
974 975
974 931
974 1670
183 212
183 172
287 242
287 310
287 321
57 89
212 172
212 232
242 232
242 321
467 487
467 451
792 772
792 551
792 621
792 722
172 157
353 310
310 321
995 780
451 697
2106 2127
2106 2117
1042 294
1042 151
1042 249
1042 1289
1289 249
1289 1236
1289 1278
697 294
915 197
915 283
915 1106
915 1207
915 1251
541 552
541 560
541 547
541 529
529 511
529 547
782 797
782 757
812 565
812 643
1332 1519
1332 1267
815 700
815 819
815 670
815 764
700 702
700 766
700 561
700 551
700 764
702 819
702 561
671 136
671 602
671 558
671 563
671 648
136 602
136 271
602 590
602 800
602 648
602 21
624 634
624 635
624 650
624 598
634 650
2456 2438
2456 2431
2456 2445
2456 1972
2438 1972
2438 2423
2438 2431
2438 2446
1972 509
1972 2446
1972 2445
1972 1364
766 561
766 528
528 798
528 561
661 678
661 199
661 647
638 629
638 647
710 719
710 691
710 675
710 703
710 718
719 718
719 740
719 711
719 691
719 741
718 740
718 748
718 703
629 619
629 614
629 647
629 589
653 637
653 684
653 666
653 694
637 666
637 645
780 843
780 227
1226 1234
1226 1241
1226 515
1226 2437
1226 2430
515 514
515 18
515 2430
647 619
647 678
589 581
589 570
589 554
589 614
2097 1212
2097 2481
2097 1898
2097 2040
2097 1994
1898 2481
577 578
577 603
577 560
577 585
577 598
578 585
578 586
578 579
578 560
585 608
585 625
585 603
585 586
585 617
868 858
868 1902
868 869
868 903
868 889
868 867
868 897
858 869
858 847
858 839
858 866
858 867
858 1901
869 859
869 847
869 870
1731 923
1731 918
1731 913
1731 1827
1731 2006
1731 1984
923 913
923 917
923 932
923 1827
923 936
913 918
913 1930
913 917
913 906
913 903
913 902
800 590
800 663
800 21
800 793
590 631
590 648
590 758
590 793
635 675
635 603
635 651
635 608
635 650
675 650
675 651
675 691
675 703
675 681
948 1059
948 721
948 879
1858 1410
738 616
603 598
603 608
615 877
615 567
615 707
509 2034
509 525
509 526
509 524
2034 1364
2034 524
2034 2455
1364 2445
1364 2455
616 654
1467 92
1467 1828
1467 1712
1467 1090
1467 1829
1467 1097
92 1764
1764 1717
1764 1828
545 673
545 611
545 627
1456 1304
1456 1286
1456 1469
1456 1476
1304 1476
1304 2371
1304 1294
1304 1286
1476 1480
1476 2371
1476 1469
759 621
759 1150
759 5
670 772
670 819
670 784
670 807
670 764
670 656
772 764
772 551
772 656
764 551
608 651
631 648
631 655
631 563
631 539
631 564
2311 701
2311 689
2311 2138
2311 2377
581 614
581 600
581 891
581 885
570 2310
570 885
570 555
570 2304
570 554
1995 2355
1995 2053
673 775
673 674
673 774
673 611
654 627
654 612
654 717
654 734
575 564
775 674
775 747
775 571
775 774
674 571
674 2383
571 701
571 2377
571 747
571 2383
648 563
611 774
611 627
611 810
705 720
705 1185
705 750
705 694
2310 2304
2310 2324
2310 2334
2310 2289
2310 554
2304 862
2304 2289
2304 2282
774 810
774 690
774 747
774 599
627 717
627 810
619 600
619 614
666 652
666 684
666 645
652 645
652 659
652 684
652 683
645 626
645 659
645 609
809 781
809 1010
809 607
809 777
809 807
809 784
781 784
781 607
781 576
784 807
784 656
533 1516
533 1307
1516 2001
1516 1387
1516 836
1516 2004
1516 2126
701 747
701 689
701 2377
2377 2138
2377 2383
747 690
612 734
612 685
612 744
904 894
904 895
678 199
726 770
726 777
726 683
726 712
726 684
726 720
770 712
770 777
770 693
770 769
770 743
770 790
712 683
712 659
712 693
749 806
749 783
749 768
749 743
749 742
749 798
806 798
806 768
806 561
798 783
199 1184
717 734
717 810
717 562
717 735
625 657
625 586
625 644
625 617
625 618
625 605
625 604
657 644
657 618
657 676
657 692
657 651
657 658
644 651
644 617
790 777
790 789
790 769
777 789
777 720
777 177
777 1010
777 807
789 807
789 769
789 799
810 599
810 562
810 535
1379 1755
1379 860
1379 1565
1379 1388
1379 1996
1379 1672
1755 1672
1755 1625
1755 1836
1755 860
1755 871
1672 1705
1672 1996
1672 1704
1672 871
740 748
740 741
794 834
794 686
794 643
794 729
834 926
834 842
734 685
734 735
734 646
797 757
651 617
651 665
651 691
651 692
527 729
527 641
527 758
527 686
729 686
729 698
729 926
729 973
686 763
686 643
686 779
689 690
720 694
720 684
720 750
720 177
685 646
685 744
685 622
2001 2126
2001 2093
2001 2129
2126 1464
2126 1565
2126 1749
2126 1387
2126 1388
684 683
684 694
568 587
568 605
568 548
568 552
568 579
568 604
587 605
587 549
587 548
587 609
605 604
605 636
605 618
605 609
605 626
512 530
512 511
512 547
512 537
512 505
530 537
530 827
530 505
530 2368
537 548
537 549
537 547
548 547
548 552
548 549
547 552
547 511
552 560
552 579
549 827
549 538
1902 1921
1902 870
690 599
690 628
599 535
599 628
599 760
599 756
562 735
562 535
562 620
562 695
562 754
735 646
735 754
735 632
646 632
646 622
744 672
744 817
744 679
604 586
679 817
679 95
679 818
2093 1464
2093 2129
2093 1950
2093 1859
2093 1807
2093 1390
535 756
535 536
521 1629
521 954
521 1224
521 1346
522 18
522 1346
1539 1535
1539 1524
1539 2079
572 21
572 663
572 709
572 7
572 662
21 709
21 271
21 663
641 698
641 758
641 7
641 840
698 973
698 840
1521 1517
1521 1531
1521 1527
1517 1527
628 760
628 506
779 643
779 763
643 763
560 579
621 722
621 508
620 695
620 536
672 817
672 622
672 818
672 520
672 632
672 723
817 818
95 818
574 732
574 567
574 558
662 793
662 758
662 7
662 663
793 663
793 758
760 756
760 506
756 506
756 536
756 752
695 754
695 536
695 632
695 714
695 785
754 632
632 622
632 714
632 723
632 773
818 520
818 592
1676 1834
1676 1825
1676 1522
1676 1774
536 785
536 752
2427 2426
18 514
877 708
877 861
821 822
821 2196
783 742
783 741
742 743
742 724
742 711
742 741
511 16
511 2401
511 2414
714 785
714 773
714 606
520 592
520 723
520 980
2453 2452
2453 514
2453 2421
2453 2420
2453 2430
2453 2444
2452 2444
2452 1346
2452 1629
2452 2451
2444 2451
2444 2389
2444 2388
2444 2420
586 579
1917 1936
1917 1963
1917 1460
1917 1955
1936 1935
1936 1955
785 752
785 737
785 606
592 980
592 861
514 1346
748 757
538 827
538 2302
538 2330
656 722
722 454
722 508
659 636
659 676
659 693
659 682
659 626
691 711
691 665
711 741
711 724
711 665
665 724
665 692
506 752
723 980
723 773
723 893
177 1010
177 996
177 823
177 750
946 1446
946 2378
1446 2489
1446 1561
1446 1105
752 737
752 736
980 893
980 861
558 715
558 563
636 618
636 676
636 626
676 682
676 618
676 658
565 1115
693 682
693 704
693 725
693 743
682 658
682 692
682 704
1871 838
1871 824
1871 837
1871 1909
1871 1872
1871 2226
838 837
838 1909
1223 1218
1223 1224
773 721
773 879
773 893
973 926
973 989
973 840
840 989
840 7
819 799
819 561
819 807
354 1135
626 609
1478 1923
1478 1683
1478 1915
1478 1485
1478 1465
1478 1838
1478 1497
1478 1474
1478 1505
1923 1915
1923 1532
1923 1523
1923 1534
1923 1932
1923 1908
1915 1683
1915 1897
1915 1881
1915 1908
737 606
737 583
737 736
606 583
704 692
704 724
704 743
704 725
561 768
561 769
561 799
743 768
743 769
743 725
724 692
799 807
799 769
768 769
861 893
861 708
2381 801
2381 2382
2381 2137
2381 2403
583 736
583 1071
583 1048
1006 1160
1006 1012
1012 1616
658 692
517 16
517 510
517 2423
517 2414
1930 906
1930 1921
1930 897
1930 918
906 897
906 903
897 903
897 1921
1437 1430
1437 1429
1437 1457
1430 1414
1430 1239
1212 2025
1212 1994
1212 1925
1010 607
1010 996
235 1920
235 1660
235 2161
235 507
235 1965
235 1113
1920 1965
1920 1148
1920 2143
1920 1091
1920 1113
1920 430
1920 2162
1965 507
1965 2143
2236 2244
2236 2226
2236 2255
2236 2230
2236 2229
2226 2244
2226 824
2226 2237
894 885
894 891
894 881
894 895
895 891
2025 28
2025 2139
2025 1925
1887 1234
1887 2455
1887 2454
1234 2437
1234 1241
1234 1262
2437 2454
1611 1585
694 1185
2071 2042
2071 2041
2071 2090
2071 2032
2071 2081
2071 2082
2041 2070
2041 2042
2041 2031
2041 2010
1819 1869
1869 1425
1869 1410
1869 1722
2489 1105
2489 1634
1718 1146
1718 1466
1718 1746
1718 1792
1718 1825
2354 2334
2354 2324
2354 2318
525 524
525 526
2334 2324
826 847
826 839
826 822
826 848
847 839
847 848
847 859
839 1901
1693 1047
1693 1691
1693 1504
1047 1691
681 703
109 137
109 1190
109 1101
109 1072
600 891
885 891
885 862
885 881
1086 1834
1086 955
1086 1109
1834 1746
1834 1825
1746 1109
1746 1396
1746 1825
881 862
955 949
955 1144
955 1109
955 1145
2469 2465
2469 1527
2469 2101
1600 1826
1600 1926
1600 2101
1826 833
1826 1028
1826 1818
526 2446
2174 2175
2174 1847
2174 1848
1141 1124
1141 1544
1141 1462
1141 1518
1141 1484
1141 163
1141 1302
1115 1674
1115 1152
1115 1092
707 567
2139 1503
2139 1927
2139 1853
2139 28
2139 2015
1503 2015
1503 1927
1503 1092
1503 1356
2015 2157
2015 1356
2355 2053
567 594
567 715
567 732
950 833
950 1948
950 872
833 872
833 1030
872 884
1901 866
1901 1893
2315 2390
2315 2391
2390 2308
2390 2406
2390 2300
2390 2348
2390 2361
2390 2391
1387 1388
1150 5
1150 508
1150 345
1150 206
1150 125
1150 1154
5 1154
1351 1207
1351 1285
1351 1240
1207 1094
1207 1251
1207 1240
1207 1373
1207 197
1094 1633
1094 1285
1094 1287
1683 1897
1683 1784
750 823
607 996
607 576
2336 2344
2336 2447
2336 2138
1185 1174
594 539
594 715
594 563
539 655
539 563
1307 500
1307 2170
1307 208
1307 836
1307 2004
1307 1386
1307 1851
500 1851
500 1549
500 2170
500 1852
1851 1852
1851 2004
1851 2005
2446 510
2266 2286
2266 2267
2266 2247
2266 2241
2266 2280
2266 2232
2286 2232
2286 2280
2286 2332
2286 2261
2232 2210
2232 2215
2232 2228
2232 2261
2232 2241
708 893
1897 1881
824 2237
510 2423
655 564
999 1004
999 1000
999 967
999 992
715 563
1075 1455
1075 1204
1455 1545
1455 1204
1455 1412
1455 1423
1545 1423
843 669
843 227
2155 1389
2155 2064
842 854
842 926
854 2476
854 2468
854 898
323 1152
1105 1634
1954 1990
1048 1103
1048 1071
1048 1096
1347 12
1347 1271
12 1518
1518 1271
1518 804
1518 163
1518 1528
1935 1722
1935 1947
1935 1955
1691 1684
1691 1504
2137 412
2137 283
2137 2382
1203 1821
1203 1176
1203 1795
2160 1377
2160 2153
2160 2136
2160 2170
2160 208
1377 2170
1377 1549
1377 2153
2170 1549
2170 208
1333 1114
1333 1293
1333 1296
1333 1334
1333 1352
1333 1291
1114 1352
1114 1440
1114 1160
1114 1193
1114 1293
1352 1312
1352 1334
1352 1440
1633 1612
1633 1632
1633 1287
841 972
841 1024
972 1024
972 1008
1024 933
1024 1008
1008 962
1008 933
933 1170
970 122
970 831
970 2342
1224 1218
1218 954
1218 1222
954 1629
954 2436
954 2443
954 2451
412 217
412 283
412 844
412 865
412 2382
412 2403
283 217
283 1106
1629 2451
1629 1346
2332 2325
2332 2280
2332 2261
2332 2349
2349 2316
2349 2411
2349 2261
2349 2391
2349 2285
1106 217
1106 1373
1106 1251
1106 1348
217 1350
217 1348
217 844
1441 1495
1722 1425
962 884
965 1440
965 1193
965 1508
1774 1761
1774 1522
1066 987
1066 1444
1066 961
918 1984
918 1921
918 1951
2318 2330
2318 2324
2318 2303
2330 2303
2330 2302
2330 2298
2303 2324
2303 2289
2303 2276
2303 2298
2399 2406
2399 2430
2399 2421
2399 2454
2406 2361
2406 2421
2406 2420
2406 2374
2163 1779
2163 1814
2163 1741
2163 1547
2163 1258
1779 1771
1779 669
1779 1805
1779 1741
926 898
987 961
987 985
1288 1312
1288 1331
1312 1331
1312 1349
1312 1308
1312 1334
1429 1457
1429 1452
1429 1451
848 830
848 2177
848 859
1452 1471
1452 1451
1535 1989
1535 1505
1535 1497
1535 1524
1535 1498
1535 1988
830 1849
830 2177
830 859
830 1888
2177 822
2177 1849
2177 2176
2177 2196
1840 1721
1840 1742
1840 1756
1840 1708
1840 1793
1840 1802
1721 1802
1721 1789
1721 1742
1802 1793
1802 1557
1802 1789
1004 669
1004 1000
1004 1020
669 1020
669 227
669 1771
902 901
902 917
902 889
902 866
902 903
902 1938
901 1938
901 917
901 1967
901 912
901 1968
1938 1967
1938 1910
1938 1919
1938 1893
1938 866
1849 1850
1849 1854
284 1016
284 998
967 943
967 976
967 992
943 976
943 932
943 935
943 942
943 992
943 957
943 936
976 1000
976 2102
976 957
1881 1880
1881 1908
1612 1323
1612 1326
1395 1444
1395 339
1457 1472
1457 1311
227 1771
1771 677
1771 1805
1700 1708
1700 1665
1700 1756
1700 481
1700 191
1708 1665
1708 871
1708 1705
1708 1793
1708 1756
1708 1679
1665 871
1665 191
1665 1625
1735 2238
1735 2239
1735 1783
1735 2227
1735 2264
2238 2251
2238 2239
2110 2102
2110 2120
755 1744
755 677
755 1717
1744 1717
1744 677
1744 1738
1744 851
1744 1671
1717 1828
1717 1738
1319 1327
1319 1320
1319 2502
1319 2442
961 985
961 80
961 66
961 1444
1444 339
1444 80
816 328
816 998
932 917
932 935
932 936
935 942
935 931
935 917
935 912
951 957
951 2006
951 1827
951 2016
957 1827
957 936
1827 936
1842 179
1842 1821
1842 1841
1842 958
1842 346
1842 1733
1842 1833
179 346
179 1060
179 1200
179 1821
346 1200
346 1833
1845 1707
1845 1757
1845 1753
1845 1797
1707 1797
1707 1823
1707 1808
1797 1808
1797 1690
1797 1753
2468 2476
2476 1714
2368 827
2368 2329
2368 2352
2368 2376
2368 505
827 2302
827 2329
1193 1440
1193 1160
677 1805
677 1671
677 1741
903 889
889 867
889 866
822 2196
427 2365
427 1259
427 971
2365 971
2365 2432
2365 2402
1684 1092
1684 1356
1684 1674
1798 1754
1798 1705
1798 1704
1798 215
1754 215
1754 1679
1754 1705
1754 1809
1754 907
215 1641
215 584
215 1809
992 942
992 975
942 931
942 975
1148 430
1148 1091
1148 1198
1148 1107
1148 1426
1148 1450
430 1107
430 2162
931 912
931 975
931 1670
917 912
867 866
866 1893
1302 1544
1302 1055
1544 1055
1544 1318
1544 1462
1544 112
912 1670
912 1968
505 2401
505 2376
505 2393
2329 2302
2329 2301
2329 2352
2329 2288
2352 2351
2352 2376
2352 2301
1257 1266
1257 1265
1257 1435
1266 1435
1266 1286
1266 1280
1471 1451
2175 1846
2175 1958
2175 1856
2175 2184
1846 2176
1846 1958
1846 1850
1846 1856
2176 1850
2176 2180
2176 2196
2176 2188
2176 2184
1968 1967
1968 1670
1968 1787
1967 1919
1967 1966
1967 1787
2127 2117
2127 2152
2127 2133
2127 2107
2127 208
2127 2134
2127 1386
2117 2133
2117 1581
2117 2079
1427 1435
1427 1265
1427 1249
1427 1418
1427 1434
1427 1445
1435 1286
1435 1265
1286 1280
1286 1294
1286 1445
2383 2138
2383 2447
1220 1239
1220 1221
1220 1407
1220 1209
1220 1398
1239 1407
1239 1221
1239 1414
1407 1398
1790 2167
1790 907
1790 2159
1790 1657
2167 2159
2167 1657
2167 2168
2159 1809
2159 2169
2159 2150
2159 2168
1828 1829
1828 1738
1738 1769
1738 1669
1738 1829
1738 851
2450 2053
2450 927
2450 899
2450 2434
2450 2396
996 576
996 823
1274 1281
1274 2405
1274 2395
1274 771
871 1705
871 1625
1958 1856
2423 2431
2423 2414
2006 1984
2006 2016
2006 2000
2051 2060
2051 1989
2051 2022
2060 2069
2060 2068
2060 2107
2060 2022
2302 2298
2302 2288
1705 1704
1705 1679
1451 1447
1059 879
1679 1793
1679 907
1679 1782
1793 1782
1793 1557
1782 907
1782 1557
1782 1662
1782 1657
859 1888
859 870
1522 1761
1522 1825
1522 1792
1522 1678
1522 1773
1761 1773
1761 1973
1761 1949
1773 1974
1773 1678
1773 1973
1293 1296
1111 1135
1111 1090
1111 1104
1111 1097
1888 1854
1888 1903
2210 2215
2210 2241
2210 2216
2210 2198
2210 2247
2210 2203
2215 2203
2215 2228
2215 2202
2215 2209
2215 2223
2203 2189
2203 2202
2203 2190
2203 2198
2430 2421
2430 2454
2421 2420
339 2166
2178 1403
2178 1392
2178 1799
2178 2181
2178 2199
888 2171
888 2199
888 2179
1550 1361
1550 1596
1550 1419
1361 2378
1582 1576
1582 1602
1582 1568
1582 1609
2171 1713
2171 2172
2171 2179
576 823
1850 1855
1850 1863
1850 1856
893 721
2191 2194
2191 2185
2191 2190
2191 2198
2191 2204
2194 2204
2194 2188
2194 2185
2194 2211
2194 2195
2204 2216
2204 2211
2204 2198
1256 1250
1256 1265
1256 1238
1772 1667
1772 1812
1772 1557
1772 2149
1667 1557
1667 2165
1667 1662
1667 2149
1557 1789
1557 1752
1557 1662
1670 1541
1670 1678
1670 1787
862 555
2152 2133
2152 1386
2152 2151
2133 2151
2133 1581
2133 1591
2133 1606
2133 1635
721 879
1586 1323
1586 2397
1323 927
1323 1371
1323 2397
927 2397
927 899
1386 2151
1386 208
2151 1635
2173 2179
2173 1848
2173 1699
2179 2172
2179 2199
2179 2192
2172 1699
2172 1713
870 1921
870 1939
870 1903
1635 1606
1635 1623
1028 1030
1028 1818
375 1696
375 1061
375 1716
1655 1634
1655 79
1655 1617
1055 1401
1055 1087
1821 1795
1821 1060
1821 1176
1821 1841
1821 1810
1176 1060
1176 1096
1144 1184
1144 1145
1144 1155
1184 1155
1184 1192
374 1040
374 1067
374 137
374 231
1040 137
1040 1101
1152 1477
1152 1092
1190 137
1190 1067
137 1067
137 1101
1109 1145
1109 1133
1145 1155
1145 1133
1145 1156
1155 1192
1155 1156
1192 1156
1192 1174
1133 1396
1133 1156
1133 1146
1133 1174
1156 1174
1396 1146
1174 1146
1927 1092
1927 1400
1927 28
1927 1477
1464 1749
1464 1807
1035 292
1035 1093
1035 231
1035 1078
1088 19
1088 2
1088 1199
292 1067
292 231
1067 231
1103 1062
1103 1096
1103 293
1833 19
1833 1831
1833 1733
19 2
19 1200
19 1199
2 892
2 1831
2 315
1069 1134
1069 1078
1400 1490
1400 1519
1400 2146
1400 28
1134 1078
1134 1696
1134 1093
1134 1061
1078 1093
1078 231
1093 1696
1093 1359
1093 1157
1199 1060
1199 293
1199 1200
1060 293
1060 1096
1060 1200
293 1096
1432 1222
1432 1422
2337 154
2337 153
2337 2305
2337 2356
2337 2426
154 1320
154 1311
1087 1401
1087 1007
1401 1483
1401 1007
1401 1318
1096 1071
1101 1072
1157 1359
1157 1449
1818 1926
1818 1806
1061 1696
294 151
1271 1368
1271 804
1696 1716
1696 1359
1853 2157
1359 1449
1359 1710
1359 1701
1222 1422
1222 2436
1222 1217
1422 1217
1422 1414
1217 1414
1217 1221
1217 1210
315 1843
315 1835
315 892
1414 1221
454 508
454 355
454 206
2169 2150
2169 1809
2169 584
2169 1640
2150 1640
2150 1604
2150 2131
2150 2168
2150 2132
1640 1605
1640 1604
1640 1622
1640 584
1640 1641
1135 1196
1135 1167
1135 1104
1373 1251
1373 1240
1373 1348
117 1196
117 358
1462 1656
1462 112
1462 1484
1196 1167
1196 358
1196 1177
1947 2022
1947 2002
1947 1955
1947 1980
1947 1992
2022 1992
2022 2069
1449 1701
1449 1267
1449 1526
1090 1097
508 206
206 355
206 464
206 345
1250 1229
1250 1244
1250 1265
1250 1230
1250 1231
1265 1244
2156 1540
2156 1211
2156 1737
2156 1874
1540 1874
1540 1751
1540 1732
1540 1553
1540 1739
1874 857
1874 1525
1874 1553
1874 1211
1167 1104
1167 1177
358 355
358 1177
358 464
355 464
1104 1112
1104 1097
1104 1177
1104 1121
1177 464
1177 1121
1177 1158
1177 1197
464 1197
464 345
464 78
1097 1112
1097 1122
1097 1747
1097 1734
1097 1712
1112 1121
1112 1122
1016 1198
1016 1426
1016 998
1806 1758
1758 1007
1758 1926
1121 1158
1121 1122
1121 1168
345 78
345 125
1795 1810
122 2065
122 2364
125 1154
125 78
125 178
1158 1197
1158 1168
1197 78
1197 316
78 316
78 178
1154 178
1122 1168
1122 1126
1122 1747
1122 1566
1168 1126
316 178
1126 1566
2129 2004
2129 2005
2129 1390
1022 1618
1988 1989
1988 1990
1988 1933
1988 1479
1988 1498
1989 1990
2371 1480
2371 1507
2371 1492
2371 1499
1284 1278
1284 1189
1284 1273
1284 1236
2436 2398
2436 1210
1318 1483
1318 1399
1318 112
1327 2442
1327 1320
1327 152
2442 152
2442 2425
2442 953
2442 2440
2442 2419
2442 2502
1236 1278
1283 1277
1283 1276
1262 1277
1262 1247
1262 1242
1262 1241
1279 1292
1963 1955
1963 1468
1963 2002
1955 2002
28 1925
28 2146
1246 1252
1246 1329
1246 1391
1246 1367
1252 1367
1252 1261
1270 1273
1270 1358
2042 2031
2042 2023
2042 2032
1391 1329
1329 1382
1329 1367
1311 1472
1273 1358
1273 1189
1981 1767
1981 1832
1981 2045
1981 1815
2261 2285
2261 2260
2261 2228
2261 2223
2285 2260
2285 2316
2260 2223
2260 2259
2260 2221
1641 584
1641 1622
1641 1623
1189 1358
433 1375
433 1245
433 1255
1340 1382
1247 1241
2143 507
2143 1911
2143 1366
2143 542
2143 2162
1358 1261
1519 1648
1519 1490
1519 1526
1519 1267
1367 1382
804 1453
804 1528
804 1520
804 1368
1368 1412
1368 1520
1368 1647
1343 1308
1343 1370
1343 1365
1343 1363
1343 1334
531 596
531 1885
531 2161
531 2154
531 984
596 1885
596 507
596 1911
596 984
1885 2013
1885 2154
1885 1911
1885 1883
1885 2153
1885 1354
2161 507
2161 2145
2161 2144
2161 1660
2161 501
2161 2154
2161 984
507 984
507 1911
1468 1964
1468 1480
1468 1469
1468 1460
1964 1480
1964 2023
1964 1491
1964 2031
1964 2002
1964 2010
1320 152
1320 153
152 153
153 2425
153 2305
1412 1647
1412 1423
1412 706
1363 1334
1363 1291
1363 1328
1328 1296
1747 1734
1747 1496
1747 1566
1747 1780
1281 1336
1281 1383
1281 1360
1281 2405
1336 1360
1336 1365
1336 1370
1360 1383
1360 2439
1360 1301
1360 1365
1360 1349
1221 2387
1383 2405
1370 1365
1365 1308
1365 1349
1581 1575
1581 1591
1581 2079
1259 1378
1259 1369
1259 1371
1259 1338
1378 2397
1378 2372
1378 971
1686 2283
1686 1249
1686 1405
1886 1872
1886 1909
1886 1900
1886 1893
1872 1909
1369 1325
1369 1292
1369 1338
2439 1301
2439 2405
2439 2335
2439 1339
1308 1349
1308 1334
1292 1325
1292 1375
542 1366
542 1911
542 2013
542 2014
542 1875
1366 1875
1366 1337
1366 2162
1875 2014
1875 1697
1875 1337
1875 2164
1325 1326
1325 1285
1325 1303
1325 1338
1325 1375
1301 1331
1301 1339
1301 1349
2405 2335
2405 2395
1527 1531
1996 1704
1996 1388
1228 1249
1228 1219
1228 1229
1228 1244
1249 1244
1249 1405
1249 1418
1918 1618
1918 1983
1918 1649
1918 2044
1918 940
1618 2044
1618 2115
1618 1649
2044 2115
2044 1983
2044 1213
1211 857
1211 1740
1211 1702
857 1740
857 1671
857 1525
857 1741
1740 1778
1740 1702
1740 1258
1740 1814
1740 1741
2387 1210
2387 1209
2387 2398
2387 2360
1294 1280
2115 1603
2115 1137
2115 1213
2115 802
1219 1230
1219 1215
1229 1244
1229 1230
1349 1331
1990 1933
1933 1479
1911 2013
1210 2398
1375 1303
1375 1245
2398 2443
2398 2360
2398 2373
1287 1285
1287 1326
1285 1240
1285 1326
1285 1303
1240 1303
1240 1245
1240 1348
1230 1215
1230 1231
1701 1648
1701 1526
1701 1710
1701 1706
1215 1231
1215 1208
1326 1371
1326 1338
1348 1245
1348 1372
1348 1350
2369 1543
2369 2032
2369 2062
1255 2385
1255 1245
1255 1372
1255 1350
1255 2345
1231 1216
1231 1238
1303 1245
1925 2146
1925 1929
1925 1994
2153 1549
2153 2154
2153 2128
2153 2136
2136 2135
2136 2128
1245 1372
2185 2190
2185 2188
2185 2180
2185 2184
836 2004
1566 1703
1566 1780
1296 1291
1216 1238
1216 1208
1216 2360
1216 2338
1371 1338
1371 2397
1372 1350
1350 2385
1350 844
2385 844
2385 2424
2385 2345
481 1730
481 1357
481 191
481 1509
481 519
1730 519
1730 1357
1730 1542
1730 1677
519 1542
519 1345
519 1509
802 1603
802 1213
802 502
802 2021
1603 2021
1603 1578
1603 1137
2021 1617
2021 1578
2397 899
2397 2372
1713 1699
1713 1864
1713 1692
1699 1848
1699 1864
191 1625
2004 2005
1267 1526
1604 2096
1604 2132
1604 1599
1604 1605
1604 2057
2096 2057
2096 2056
2096 2105
2057 1573
2057 2039
2057 2056
1983 1389
1983 2064
1983 1213
2188 2180
2188 2196
2188 2213
2188 2195
2180 2184
1337 2164
1337 2162
1337 1680
771 876
771 2395
771 2447
2052 1580
2052 1882
2052 1542
2052 1813
1339 2364
1339 2335
1339 2065
2132 2105
2132 2131
1893 1900
1893 1910
2101 1926
1786 1530
1786 1668
1786 1681
1786 1775
1786 1715
1786 1598
1530 1598
1530 1587
1530 1525
1530 1687
1530 1775
1530 1726
1598 1715
1598 1813
1598 1345
1598 1687
1723 1724
1723 1685
1723 1475
1723 1677
1723 1542
1724 1690
1724 1776
1724 1685
1724 1601
1724 1836
1690 1753
1690 1542
1690 1776
1677 1357
1677 1475
1677 1542
1357 1475
1357 1685
1357 1625
1475 1685
1823 1703
1823 1824
1823 1463
1823 1808
1745 1675
1745 1808
1745 1796
1745 1715
1745 1703
1745 1668
1745 1681
1745 1463
1675 1796
1675 1580
1675 1715
1796 1808
1825 1792
1789 983
1789 1752
1789 1839
1525 1671
1525 1726
1525 1687
1525 1751
1525 1553
1525 1669
1525 1769
1671 851
1671 1669
1671 1741
1413 1014
1413 1590
1413 1459
1413 959
1760 1433
1760 1884
1760 1469
1760 1460
1007 1014
1007 1551
1007 1483
1014 1551
1014 1459
1532 1932
1532 1534
1532 2039
1532 1533
1932 1945
1932 1908
1932 1914
1932 2039
1537 1531
1537 1590
1537 1596
1537 1658
1551 1483
1551 1459
1551 1399
1590 1596
1590 959
1590 1579
1590 1597
1483 1399
1459 959
1459 1399
1459 1656
1596 1579
1596 1658
1596 1419
959 1597
959 1656
959 1406
1465 1838
1465 1474
1465 1479
1399 112
1399 1656
112 1656
1579 1597
1579 1419
1579 966
1656 1484
1656 1406
1597 1406
1597 966
1808 1463
1681 1715
1681 1668
1715 1580
1715 1813
1433 1469
1433 1434
1433 1884
1884 1405
1884 1418
1884 1434
1419 966
1419 1619
1419 1555
1419 1620
1663 1807
1663 1749
1663 1759
1663 1711
1807 1711
1807 1749
1807 1688
1807 1950
1807 1664
1711 1529
1711 1817
1711 1843
1711 914
2255 2249
2255 2244
2255 2262
2255 2256
2255 2270
2255 2230
2249 2230
2230 2229
2230 2235
2195 2213
2195 2211
2195 2218
2195 2212
2213 2212
2213 2205
2213 2196
2213 2225
2213 2229
2212 2224
2212 2233
2212 2218
2212 2242
2212 2225
1776 1529
1776 1759
1776 1753
1776 1601
1776 1791
1625 1685
1625 1836
1533 1573
1533 1552
1533 1534
1533 1538
1533 2039
1573 1599
1573 1552
1573 1574
1573 1538
1599 1605
1599 1574
1599 1591
1605 1623
1605 1591
1605 1622
1484 163
1484 1406
1484 1528
1805 1741
1741 1814
1552 1538
1574 1538
1574 1591
1574 1575
1809 907
1809 584
1622 1623
1406 966
1406 1528
1406 1588
1737 1742
1737 1732
1742 1732
1742 1509
1732 1509
1732 1739
1538 1534
1538 1575
1538 1524
1591 1623
1591 1606
1591 1575
1623 1606
163 1528
1534 1523
1534 1524
966 1555
966 1588
1523 1485
1523 1497
1523 1524
1575 1524
1575 2079
1528 1588
1528 1081
1528 1453
1756 1509
1485 1497
1524 1497
1524 2079
1403 1409
1403 1393
1392 1393
1392 1394
1392 2181
1392 2207
1409 1748
1409 1393
1748 1784
1497 1505
844 865
844 2424
2146 1490
2146 205
2146 1929
1490 1648
1490 205
1588 1555
1588 1081
1692 1864
1692 1781
1856 1857
1856 1847
1856 1863
2326 2367
2326 2350
2326 2325
2326 2327
2326 2321
2326 2317
2367 2325
2367 2392
2367 2350
2367 2362
2325 2392
2325 2317
2325 2275
2325 2280
820 1561
820 1619
820 1634
820 79
820 1015
1703 1463
1703 1824
1703 1668
1703 1780
1393 1394
1393 1424
1561 1634
1619 1428
1555 1620
1555 1081
1555 1428
1620 1428
1504 4
1504 1356
1504 1714
4 1356
4 1714
4 2157
1356 1092
1394 1424
1394 1410
1394 1425
1847 1848
1847 1857
1847 1867
1081 1453
1081 1428
1081 934
1092 1477
1424 1425
1474 1505
1474 1498
1474 1479
1505 1498
1783 2227
1453 934
1669 851
1669 1769
1388 1565
1634 79
1425 1410
1498 1479
1734 1587
1734 1496
1734 1712
1734 1775
1587 1775
1587 1769
1587 1712
1587 1726
1775 1496
2420 2389
2420 2374
1558 2100
1558 1548
1558 1576
1558 1567
1558 1593
2100 2072
2100 2099
2100 2091
2100 1592
2100 1593
2072 1548
2072 1543
2072 2091
865 2424
865 2403
865 2415
1428 934
1428 1015
1509 1345
1509 1739
1662 1657
1657 907
1769 1726
1769 1712
1769 1829
934 1520
934 1015
1592 1613
1592 501
1592 2099
1592 2145
1592 1593
1613 501
1613 1608
1613 1642
1613 1593
501 2145
501 1642
501 1660
2454 2422
2454 2455
2224 2233
2224 2217
2224 2267
2224 2218
2224 2252
2233 2252
2233 2268
2233 2242
2252 2268
2252 2267
2252 2275
79 1617
79 1578
79 1015
79 706
1642 489
1642 1608
1642 1643
1642 1660
489 1660
489 1113
489 1643
489 1644
1113 1091
1113 1661
1749 860
1749 1565
1749 1759
1520 1015
1520 1647
1608 1643
1608 1593
1091 1198
1015 1647
1685 1836
1643 1593
1643 1644
1643 1614
892 1831
892 1843
892 914
1831 1765
1831 914
1831 1688
1831 1733
1831 956
1848 1867
1848 1864
1864 1867
1864 1781
2142 983
2142 1778
2142 2103
2142 2121
2142 2147
983 1720
983 1752
983 2147
983 1839
1720 1778
1720 1702
1720 1839
1867 1857
1867 1866
1867 1880
1867 1781
1661 1644
1661 1636
1661 1198
1668 1780
1668 1496
1617 1578
1702 1778
1778 1547
1778 1258
1778 2120
1792 1678
2223 2228
2223 2221
2223 2209
2165 2149
1647 706
860 1565
860 1601
860 1759
860 1836
1593 1614
1593 1576
1644 1614
1644 1636
1601 1759
1601 1836
1759 1529
1529 1817
1529 1835
1529 1844
1529 1791
1813 1882
1813 1345
1480 1491
1480 1507
1480 1469
1480 2023
1491 2023
1548 1543
1548 1567
1614 1602
1614 1636
1614 1609
1578 706
1578 1137
1469 1445
1469 1460
1576 1602
1576 1567
1576 1568
1602 1609
1636 1198
1636 1609
1636 1624
1636 998
1636 328
1198 998
1450 1107
1450 1426
1450 2166
1107 2166
1107 1017
1445 1434
1753 1791
1753 1757
2062 1543
2062 2091
2062 2082
1543 2379
706 1137
706 1423
1648 205
1648 1526
1434 1418
1507 2023
1507 1499
1507 2370
2023 2031
1567 1568
1567 1559
1609 1624
998 328
1137 1423
1624 328
1791 1757
1791 1844
2300 2348
2300 2307
205 1706
205 1929
1405 1418
80 66
80 940
66 940
66 1649
940 1649
1258 1814
1258 1547
1568 1559
1829 1712
1547 2120
1752 2147
1752 1812
1752 1666
2147 2121
2147 2148
2147 1666
1757 1844
1817 1843
1817 1835
1496 1780
1787 1678
1787 1974
1787 1966
1541 1678
1541 1466
2229 2235
2229 2225
2229 2234
2229 2205
2235 2234
2234 2243
2217 2247
2217 2216
2217 2218
2217 2211
2267 2247
2267 2280
1687 1751
1687 1739
1687 1345
1751 1739
1751 1553
1843 914
1843 1835
1765 956
1765 1688
1765 1768
1765 1733
1765 1785
956 1733
1678 1466
1678 1974
2392 2407
1542 1882
1974 1973
2348 2307
2348 2339
2348 2347
2348 2361
1835 1844
1716 1710
1716 1736
1710 1736
1710 1706
2307 2265
2307 2339
2307 2279
2307 2299
2307 2314
2265 2274
2265 2278
2265 2258
1736 1706
1736 2043
1781 1880
914 1688
1909 1900
1909 1928
2497 1993
2497 1800
1993 1820
1993 2045
1860 1694
1860 1830
1860 1697
1860 2011
1694 1859
1694 1727
1694 1830
1859 1727
1859 1950
1859 2011
1859 1390
2268 2269
2268 2275
2268 2242
2268 2253
1767 1815
1767 1621
1767 1680
1800 1820
1800 1810
1688 1785
1688 1664
1739 1345
1815 1621
1815 1832
1815 1416
1621 2164
1621 1680
1621 1416
1621 1689
1621 1816
2164 1680
2164 1689
2164 1830
2164 1697
1857 1863
1857 1866
1812 1666
1812 2122
1812 2148
1812 2149
1820 1832
1820 1810
1820 2045
1832 2045
1832 1416
1832 1841
1832 1810
1810 1841
1689 1816
1689 1607
1689 1830
1416 1841
1416 1514
1416 1415
1830 1607
1830 1727
1830 1697
1816 1514
1816 1607
1514 1415
1514 1607
1514 1768
1514 1785
1841 1415
1841 958
1607 1785
1607 1727
1415 958
1415 1768
1415 1733
1727 1785
1727 1664
1727 1950
958 1733
2345 2341
2345 2344
2345 2424
1882 1345
1785 1768
1785 1664
2401 2400
2401 2414
2401 2393
1768 1733
1973 1949
1973 1937
1973 1966
2339 2314
1664 1950
2120 2084
2120 2103
1017 2092
1389 2092
1389 2064
2064 1213
1213 502
1949 1937
1949 1928
2011 1697
2011 1390
2011 2014
2011 2012
2011 2005
1697 2014
1937 1966
1937 1928
1937 1919
1966 1919
1928 1900
1928 1919
2070 2107
2070 2069
2070 2068
2070 2010
2070 2118
1984 1951
1984 2000
1984 1975
1984 1959
2145 2099
2145 2098
2145 2144
2145 2128
1994 1929
1994 2040
2013 1883
2013 2014
2013 1852
2013 2012
2091 2081
2091 2099
2091 2082
2081 2082
2081 2098
2081 2090
2081 2099
2082 2032
1929 2040
2099 2098
1900 1919
1900 1910
2014 2012
1852 1883
1852 1549
1852 2005
1852 2012
1883 1549
1883 1354
1919 1910
2090 2128
2090 2098
2239 2272
2239 2273
2239 2264
2154 2144
2154 2128
2012 2005
1549 1354
2107 2118
2107 2068
2031 2010
2144 2128
2118 2135
2118 2134
1390 2005
2135 2134
2135 208
2134 208
2002 1980
2002 2010
1980 2010
1980 1992
2010 1992
2010 2069
1992 2069
2361 2320
2361 2312
2361 2346
2361 2374
2128 2098
2068 2069
1854 1903
1854 1889
1854 1873
1854 1855
2149 2122
2149 2125
2149 2124
2016 2084
2016 2035
2016 2000
2084 2103
2084 2035
2084 2046
2084 2074
1921 1951
1921 1939
1921 1959
2103 2074
2103 2085
2103 2094
2103 2121
1951 1959
2000 2035
2000 1975
2000 2017
2035 2046
2035 2017
2046 2074
2046 2017
2046 2036
2074 2085
2074 2036
2074 2086
1939 1959
1939 1903
1939 1904
1939 1960
1939 1931
1975 1959
1975 2017
1975 1960
1975 1976
1975 1985
1959 1960
2168 2114
2168 2131
2017 2036
2017 1985
2017 2007
2085 2086
2085 2094
2382 2403
1903 1904
1903 1889
1903 1894
2121 2094
2121 2148
2269 2275
2269 2293
2269 2292
2269 2253
2275 2317
2275 2280
2275 2292
1904 1894
1904 1931
1960 1976
1960 1931
1960 1922
1960 1940
2086 2094
2086 2066
2086 2047
2018 2036
2018 2007
2018 2027
2018 2037
2036 2047
2036 2037
2094 2066
2094 2148
2094 2111
1889 1894
1889 1873
1894 1931
1894 1922
1894 1890
1894 1878
1931 1922
1976 1985
1976 1952
1976 1940
1985 2007
1985 1952
1985 2027
1985 1986
2007 2027
1873 1855
1873 1878
1873 1866
2027 1986
2027 2008
2027 1961
2027 2037
1855 1863
1855 1866
2037 2047
2037 2048
2037 2008
2037 2038
2047 2066
2047 2075
2047 2048
2066 2111
2066 2075
2066 2112
2148 2111
2148 1666
2148 2122
1922 1940
1922 1890
1922 1905
1922 1952
1922 1912
1922 1942
1922 1941
1952 1940
1952 1986
1952 1941
2111 2112
2111 2122
2075 2112
2075 2048
2075 2123
2075 2076
2112 2122
2112 2123
1890 1905
1890 1878
1890 1895
1905 1912
1905 1895
1905 1896
1986 1941
1986 1961
2122 2123
2122 2124
2048 2076
2048 2038
2048 2028
1912 1942
1912 1896
1912 1943
1942 1941
1942 1961
1942 1943
1941 1961
1878 1866
1878 1879
2123 2124
2123 2076
2123 2125
2123 2095
1895 1896
1895 1879
1895 1891
1961 2008
1961 1943
1961 1962
1961 1977
2008 1977
2008 2009
2008 2038
1863 1866
1896 1943
1896 1906
1896 1891
2076 2095
2076 2028
2076 2077
2124 2125
2038 2028
2038 2009
1866 1879
1866 1880
1943 1962
1943 1906
1943 1913
1943 1944
1943 1953
2125 2095
2125 2104
2125 2130
1962 1977
1962 1944
1962 1969
2095 2077
2095 2104
2028 2077
2028 2029
2028 2009
1879 1891
1879 1880
1879 1892
1906 1891
1906 1913
1906 1892
1906 1907
1906 1914
1977 2009
1977 1969
2077 2104
2077 2054
2077 2029
2077 2087
2202 2193
2202 2209
2202 2189
1891 1892
1913 1953
1913 1907
2009 1969
2009 2029
2009 1978
2009 1979
1944 1953
1944 1969
1944 1978
1953 1907
1953 1978
1969 1978
2104 2087
2104 2130
2029 2054
2029 2049
2029 1979
2054 2087
2054 2049
2054 2088
2087 2130
2087 2088
2087 2113
2087 2114
2087 2078
2130 2113
1907 1914
1907 1978
1907 1987
1907 1945
1978 1979
1978 1987
2049 1979
2049 2088
2049 2055
2316 2391
2189 2190
2189 2193
1880 1892
1880 1908
1892 1908
1892 1914
1979 1987
1979 2055
1979 2019
2391 2411
2088 2055
2088 2078
2113 2114
2251 2272
1914 1945
1914 1908
1987 1945
1987 2019
1987 2039
2324 2289
2055 2019
2055 2078
2055 2039
2055 2056
2055 2105
2243 2242
2243 2225
2243 2248
2242 2225
2242 2253
2242 2248
2242 2254
1945 2039
2019 2039
2114 2078
2114 2131
2360 1209
2360 2338
2360 2373
2078 2105
2078 2131
2039 2056
2319 2306
2319 1208
2056 2105
2105 2131
2395 876
2395 2335
2425 2440
2425 2353
2425 2305
2296 2351
2296 2328
2296 2301
2351 2328
2351 2363
2351 2393
2351 2301
2351 2376
2328 2363
2328 2333
2328 2295
2328 2323
2363 2413
2363 2393
2363 2333
2363 2362
2393 2413
2393 2376
2393 2400
2413 2431
2413 2445
2413 2422
2413 2400
2413 2408
2414 2408
2254 2253
2254 2294
2254 2248
2254 2323
2253 2294
2253 2293
2445 2455
2445 2431
2445 2422
2455 2422
2270 2281
2270 2262
2281 2297
2281 2262
2297 2262
2297 2301
2282 2289
2292 2309
2292 2293
2292 2317
2309 2317
2309 2294
2309 2322
2309 2321
2309 2293
2317 2321
2294 2293
2294 2323
2294 2322
2289 2276
2190 2198
2262 2301
2262 2256
2262 2288
2333 2323
2333 2327
2333 2350
2333 2362
2431 2408
2408 2400
2301 2288
2295 2323
2443 2373
2443 2451
2211 2218
2244 2237
2244 2256
2244 2276
2247 2241
2247 2216
2323 2322
2323 2327
2323 2287
2424 2415
2424 2416
2424 2341
2415 2416
1492 2386
1492 2410
1492 2502
2403 2342
2403 2416
2256 2288
2256 2276
2256 2298
2327 2350
2327 2321
2288 2298
2342 2416
2342 2331
2314 2299
831 2331
831 2065
2416 2331
2416 1916
2416 2341
2205 2196
2331 2065
2331 1916
2216 2198
2065 2364
2065 1916
2065 876
1208 2338
1208 2306
1916 2341
1916 876
1916 2344
2276 2298
2341 2344
876 2335
876 2344
876 2447
2321 2322
2344 2447
2053 2428
2053 1011
2053 2434
2053 175
2379 2418
2379 2370
2379 2404
899 2396
899 2372
2418 2449
2418 2404
2418 2428
2449 2428
2428 1011
2428 175
2428 2404
2428 2429
2447 2138
1011 175
2434 2396
2434 175
2434 2343
2434 2257
2396 2372
2396 2343
2370 2404
2370 2386
2370 1499
2404 2429
2404 2386
2404 2409
175 2429
175 2441
175 2140
175 2257
2372 2343
2372 1777
2372 971
1499 2386
2272 2273
2272 2306
2429 2409
2429 2441
2386 2409
2386 2410
2409 2441
2409 2419
2409 2410
2441 2140
2441 2419
2441 953
2343 1777
2343 2257
2343 2432
2343 2353
2273 2306
2273 2264
2273 2312
2273 2338
2140 2257
2140 953
2140 2440
1777 971
1777 2432
971 2432
2306 2338
2257 2440
2257 2353
2227 2264
2227 2245
2264 2245
2264 2313
2264 2312
2419 2410
2419 953
2419 2502
2432 2353
2432 2402
2432 2305
2338 2312
2338 2373
2338 2346
2410 2502
953 2440
2440 2353
2353 2305
2245 2207
2245 2258
2245 2274
2245 2290
2245 2278
2312 2313
2312 2320
2312 2346
2305 2402
2305 2356
2402 2356
2207 2181
2207 2220
2207 2258
2181 2199
2181 2220
2199 2220
2199 2200
2199 2192
2220 2258
2220 2200
2313 2320
2313 2290
2313 2291
2373 2346
2373 2388
2373 2451
2258 2274
2258 2246
2258 2200
2274 2278
2346 2388
2346 2374
2346 2389
2356 2426
2200 2192
2200 2197
2200 2231
2200 2246
2290 2278
2290 2291
2278 2299
2278 2279
2291 2299
2388 2451
2388 2389
2192 2197
2192 2186
2192 2201
2246 2231
2197 2231
2197 2201
2197 2208
2197 2240
2231 2240
2201 2208
2201 2186
2201 2193
2208 2240
2208 2209
2208 2221
2240 2221
2240 2259
2299 2279
2374 2389
2193 2209
2221 2259
2221 2209
